Areas from Day12
804.50 
23.90 
1.70 
9.40 
4.50 
36.50 
114.30 
2.60 
3.20 
4.30 
2.10 
4.60 
1.50 
298.70 
14.40 
0.40 
9.30 
3.00 
6.10 
18.10 
3.40 
8.90 
451.00 
120.60 
1.60 
52.90 
92.70 
1.20 
0.80 
56.00 
13.50 
199.60 
4.60 
0.50 
12.30 
3.70 
3.50 
2.50 
8.00 
4.30 
41.90 
19.20 
4.70 
16.20 
4.10 
3.70 
58.10 
46.00 
7.50 
7.00 
2.70 
7.80 
336.00 
1.30 
192.80 
0.80 
5.60 
0.40 
2.60 
177.50 
7.60 
238.60 
1.60 
5.10 
44.50 
2019.00 
33.90 
4.70 
1.10 
4.60 
0.60 
2.20 
5.80 
1.00 
12.20 
11.60 
222.80 
9.90 
4529.50 
1.40 
5.30 
2.00 
3.10 
62.60 
13.00 
0.70 
0.40 
1.50 
0.70 
46.60 
130.80 
3.40 
0.60 
99.40 
2.10 
0.90 
28.00 
2.80 
4.40 
50.80 
1.90 
28.10 
8.40 
22.20 
2.10 
3.60 
149.10 
2.00 
215.50 
0.90 
3.90 
7.90 
9.40 
3.60 
1.90 
4.10 
8.30 
2.40 
165.80 
0.30 
1.80 
5.00 
3.60 
15.70 
57.60 
61.60 
90.00 
13.50 
6.90 
90.10 
2.70 
0.20 
35.10 
4.80 
0.30 
3.50 
1.50 
2.10 
83.80 
144.70 
13.30 
42.30 
1.00 
1.20 
30.20 
3.70 
3.40 
0.40 
238.70 
4.00 
562.00 
38.50 
390.70 
52.70 
1.20 
1.20 
4.80 
3.30 
0.10 
106.70 
0.20 
2.30 
1.50 
1.10 
15.90 
19.10 
13.90 
1.60 
4.60 
11.00 
116.10 
39.10 
1.30 
0.10 
8.40 
25.20 
6.40 
5.20 
631.40 
7.00 
11.20 
1.80 
628.00 
216.60 
6.30 
7.60 
2.50 
1618.90 
2.00 
8.80 
0.70 
0.10 
7.20 
7.70 
6.50 
350.70 
115.30 
3.60 
3.90 
10.30 
5.00 
5.00 
8.60 
109.70 
351.20 
1.10 
1.90 
3.40 
1.40 
8.00 
14.10 
511.30 
1.50 
43.30 
163.90 
42.80 
1.60 
18.30 
53.90 
47.10 
1.00 
29.50 
13.90 
4.10 
4.40 
0.20 
0.40 
Average Area: 84.10