Diameters from Day12
10.12 
1.74 
0.47 
1.09 
0.76 
2.16 
3.81 
0.58 
0.64 
0.74 
0.52 
0.77 
0.44 
6.17 
1.35 
0.23 
1.09 
0.62 
0.88 
1.52 
0.66 
1.06 
7.58 
3.92 
0.45 
2.60 
3.44 
0.39 
0.32 
2.67 
1.31 
5.04 
0.77 
0.25 
1.25 
0.69 
0.67 
0.56 
1.01 
0.74 
2.31 
1.56 
0.77 
1.44 
0.72 
0.69 
2.72 
2.42 
0.98 
0.94 
0.59 
1.00 
6.54 
0.41 
4.95 
0.32 
0.84 
0.23 
0.58 
4.75 
0.98 
5.51 
0.45 
0.81 
2.38 
16.03 
2.08 
0.77 
0.37 
0.77 
0.28 
0.53 
0.86 
0.36 
1.25 
1.22 
5.33 
1.12 
24.01 
0.42 
0.82 
0.50 
0.63 
2.82 
1.29 
0.30 
0.23 
0.44 
0.30 
2.44 
4.08 
0.66 
0.28 
3.56 
0.52 
0.34 
1.89 
0.60 
0.75 
2.54 
0.49 
1.89 
1.03 
1.68 
0.52 
0.68 
4.36 
0.50 
5.24 
0.34 
0.70 
1.00 
1.09 
0.68 
0.49 
0.72 
1.03 
0.55 
4.59 
0.20 
0.48 
0.80 
0.68 
1.41 
2.71 
2.80 
3.39 
1.31 
0.94 
3.39 
0.59 
0.16 
2.11 
0.78 
0.20 
0.67 
0.44 
0.52 
3.27 
4.29 
1.30 
2.32 
0.36 
0.39 
1.96 
0.69 
0.66 
0.23 
5.51 
0.71 
8.46 
2.21 
7.05 
2.59 
0.39 
0.39 
0.78 
0.65 
0.11 
3.69 
0.16 
0.54 
0.44 
0.37 
1.42 
1.56 
1.33 
0.45 
0.77 
1.18 
3.84 
2.23 
0.41 
0.11 
1.03 
1.79 
0.90 
0.81 
8.97 
0.94 
1.19 
0.48 
8.94 
5.25 
0.90 
0.98 
0.56 
14.36 
0.50 
1.06 
0.30 
0.11 
0.96 
0.99 
0.91 
6.68 
3.83 
0.68 
0.70 
1.15 
0.80 
0.80 
1.05 
3.74 
6.69 
0.37 
0.49 
0.66 
0.42 
1.01 
1.34 
8.07 
0.44 
2.35 
4.57 
2.33 
0.45 
1.53 
2.62 
2.45 
0.36 
1.94 
1.33 
0.72 
0.75 
0.16 
0.23 
Average Diameter: 1.86