Areas from Day12
12.20 
3.40 
5.90 
20.20 
2.10 
19.00 
1.50 
1.50 
16.60 
5.30 
9.60 
24.60 
5.30 
12.10 
1.40 
7.90 
4.50 
1.70 
7.10 
1.20 
3.50 
9.80 
2.30 
0.10 
14.20 
3.90 
15.50 
34.10 
2.60 
2.90 
11.60 
6.90 
4.90 
7.70 
1.20 
4.20 
2.80 
24.70 
0.20 
9.00 
14.00 
2.80 
3.90 
23.40 
8.30 
25.50 
10.40 
5.70 
10.70 
80.40 
6.00 
40.00 
4.60 
5.40 
4.70 
0.30 
3.70 
6.90 
8.90 
8.70 
1.10 
5.50 
11.70 
9.90 
7.30 
4.20 
19.10 
21.70 
23.70 
3.60 
0.60 
10.90 
0.40 
5.10 
26.90 
1.60 
23.90 
3.50 
2.70 
0.80 
13.30 
13.10 
3.70 
32.30 
1.20 
2.10 
28.10 
3.40 
3.30 
2.60 
5.60 
4.00 
4.80 
6.40 
4.30 
6.80 
3.10 
4.80 
9.90 
4.20 
26.80 
7.10 
8.40 
6.70 
13.00 
1.70 
0.10 
1.80 
13.50 
5.20 
3.50 
36.60 
29.80 
5.80 
10.90 
0.60 
12.10 
2.20 
0.80 
4.40 
3.20 
2.70 
5.10 
9.80 
6.30 
17.10 
4.70 
3.40 
1.60 
12.80 
0.60 
53.40 
6.30 
0.90 
4.10 
21.40 
14.90 
17.20 
44.30 
24.80 
14.10 
1.10 
42.30 
11.60 
1.90 
6.80 
9.80 
9.70 
9.30 
6.80 
15.10 
3.00 
2.50 
6.40 
3.80 
4.50 
0.60 
12.90 
4.30 
16.60 
12.60 
9.10 
4.10 
8.80 
3.80 
7.60 
83.90 
23.10 
18.60 
1.80 
0.60 
2.60 
14.30 
2.40 
5.80 
49.00 
1.00 
0.60 
0.80 
27.90 
28.30 
21.80 
2.50 
13.50 
3.60 
2.30 
4.10 
28.50 
2.60 
27.10 
4.40 
1.60 
3.10 
12.30 
0.10 
4.80 
5.30 
2.50 
0.80 
1.30 
5.60 
9.60 
11.40 
0.60 
5.40 
14.20 
15.30 
4.40 
2.10 
3.30 
1.50 
3.50 
0.20 
6.60 
0.60 
1.90 
7.40 
3.00 
11.20 
2.80 
1.20 
6.80 
5.60 
2.50 
0.20 
2.20 
9.50 
6.00 
11.60 
10.60 
1.20 
7.00 
8.70 
3.20 
0.70 
4.70 
18.40 
1.20 
0.10 
2.40 
1.90 
6.10 
26.40 
0.40 
9.10 
26.50 
2.00 
2.80 
2.60 
60.20 
17.20 
7.80 
4.80 
0.80 
24.10 
22.70 
17.10 
3.30 
4.20 
3.50 
11.60 
2.30 
3.40 
2.30 
12.60 
36.10 
5.30 
3.70 
3.80 
3.80 
0.10 
0.90 
5.50 
4.20 
30.20 
0.90 
8.20 
0.30 
10.60 
5.20 
3.50 
37.90 
0.70 
1.10 
6.40 
2.80 
1.90 
14.60 
1.90 
13.90 
10.20 
2.40 
10.10 
10.80 
1.40 
5.10 
3.60 
1.00 
1.00 
1.60 
1.60 
2.60 
5.80 
5.20 
26.40 
12.40 
2.20 
9.90 
2.70 
3.90 
2.10 
7.40 
3.80 
1.70 
1.40 
4.50 
1.20 
20.40 
0.50 
4.30 
1.60 
3.40 
3.70 
0.70 
8.10 
6.90 
2.90 
0.30 
0.20 
26.70 
1.20 
1.10 
2.70 
2.80 
10.50 
30.60 
14.30 
7.30 
4.30 
0.40 
1.60 
2.70 
0.70 
0.60 
0.90 
23.70 
0.20 
35.00 
1.50 
1.40 
0.20 
6.20 
9.90 
0.90 
2.00 
24.90 
4.40 
6.90 
0.60 
13.90 
2.70 
0.10 
7.60 
0.40 
38.50 
16.30 
2.70 
1.00 
4.90 
16.80 
1.80 
12.20 
2.40 
1.10 
9.10 
2.60 
17.60 
5.20 
2.40 
2.10 
34.80 
1.20 
8.50 
4.50 
0.30 
1.70 
1.70 
2.60 
14.20 
1.10 
5.40 
5.50 
20.40 
1.20 
8.30 
12.20 
1.50 
10.10 
11.50 
0.80 
1.80 
12.10 
28.60 
1.20 
1.60 
6.50 
7.40 
19.50 
2.60 
1.40 
6.80 
5.90 
7.70 
14.50 
3.90 
10.30 
0.80 
4.20 
3.20 
2.10 
3.30 
5.60 
1.40 
2.00 
0.80 
17.60 
9.80 
0.90 
21.80 
6.50 
0.60 
0.90 
5.60 
1.60 
1.40 
0.20 
35.60 
3.10 
2.20 
4.20 
17.40 
4.30 
0.70 
5.10 
3.40 
25.50 
5.20 
71.70 
1.20 
2.30 
4.00 
1.00 
6.60 
25.20 
1.30 
18.50 
6.90 
6.80 
8.20 
7.70 
0.60 
3.10 
6.30 
11.60 
4.60 
7.00 
4.20 
15.90 
3.70 
8.30 
8.50 
7.90 
0.10 
6.50 
13.90 
2.40 
10.70 
7.50 
21.90 
0.20 
0.70 
0.90 
5.40 
2.70 
1.80 
1.10 
5.30 
Average Area: 8.41