Diameters from Day12
1.25 
0.66 
0.87 
1.60 
0.52 
1.56 
0.44 
0.44 
1.45 
0.82 
1.11 
1.77 
0.82 
1.24 
0.42 
1.00 
0.76 
0.47 
0.95 
0.39 
0.67 
1.12 
0.54 
0.11 
1.34 
0.70 
1.40 
2.08 
0.58 
0.61 
1.22 
0.94 
0.79 
0.99 
0.39 
0.73 
0.60 
1.77 
0.16 
1.07 
1.34 
0.60 
0.70 
1.73 
1.03 
1.80 
1.15 
0.85 
1.17 
3.20 
0.87 
2.26 
0.77 
0.83 
0.77 
0.20 
0.69 
0.94 
1.06 
1.05 
0.37 
0.84 
1.22 
1.12 
0.96 
0.73 
1.56 
1.66 
1.74 
0.68 
0.28 
1.18 
0.23 
0.81 
1.85 
0.45 
1.74 
0.67 
0.59 
0.32 
1.30 
1.29 
0.69 
2.03 
0.39 
0.52 
1.89 
0.66 
0.65 
0.58 
0.84 
0.71 
0.78 
0.90 
0.74 
0.93 
0.63 
0.78 
1.12 
0.73 
1.85 
0.95 
1.03 
0.92 
1.29 
0.47 
0.11 
0.48 
1.31 
0.81 
0.67 
2.16 
1.95 
0.86 
1.18 
0.28 
1.24 
0.53 
0.32 
0.75 
0.64 
0.59 
0.81 
1.12 
0.90 
1.48 
0.77 
0.66 
0.45 
1.28 
0.28 
2.61 
0.90 
0.34 
0.72 
1.65 
1.38 
1.48 
2.37 
1.78 
1.34 
0.37 
2.32 
1.22 
0.49 
0.93 
1.12 
1.11 
1.09 
0.93 
1.39 
0.62 
0.56 
0.90 
0.70 
0.76 
0.28 
1.28 
0.74 
1.45 
1.27 
1.08 
0.72 
1.06 
0.70 
0.98 
3.27 
1.71 
1.54 
0.48 
0.28 
0.58 
1.35 
0.55 
0.86 
2.50 
0.36 
0.28 
0.32 
1.88 
1.90 
1.67 
0.56 
1.31 
0.68 
0.54 
0.72 
1.90 
0.58 
1.86 
0.75 
0.45 
0.63 
1.25 
0.11 
0.78 
0.82 
0.56 
0.32 
0.41 
0.84 
1.11 
1.20 
0.28 
0.83 
1.34 
1.40 
0.75 
0.52 
0.65 
0.44 
0.67 
0.16 
0.92 
0.28 
0.49 
0.97 
0.62 
1.19 
0.60 
0.39 
0.93 
0.84 
0.56 
0.16 
0.53 
1.10 
0.87 
1.22 
1.16 
0.39 
0.94 
1.05 
0.64 
0.30 
0.77 
1.53 
0.39 
0.11 
0.55 
0.49 
0.88 
1.83 
0.23 
1.08 
1.84 
0.50 
0.60 
0.58 
2.77 
1.48 
1.00 
0.78 
0.32 
1.75 
1.70 
1.48 
0.65 
0.73 
0.67 
1.22 
0.54 
0.66 
0.54 
1.27 
2.14 
0.82 
0.69 
0.70 
0.70 
0.11 
0.34 
0.84 
0.73 
1.96 
0.34 
1.02 
0.20 
1.16 
0.81 
0.67 
2.20 
0.30 
0.37 
0.90 
0.60 
0.49 
1.36 
0.49 
1.33 
1.14 
0.55 
1.13 
1.17 
0.42 
0.81 
0.68 
0.36 
0.36 
0.45 
0.45 
0.58 
0.86 
0.81 
1.83 
1.26 
0.53 
1.12 
0.59 
0.70 
0.52 
0.97 
0.70 
0.47 
0.42 
0.76 
0.39 
1.61 
0.25 
0.74 
0.45 
0.66 
0.69 
0.30 
1.02 
0.94 
0.61 
0.20 
0.16 
1.84 
0.39 
0.37 
0.59 
0.60 
1.16 
1.97 
1.35 
0.96 
0.74 
0.23 
0.45 
0.59 
0.30 
0.28 
0.34 
1.74 
0.16 
2.11 
0.44 
0.42 
0.16 
0.89 
1.12 
0.34 
0.50 
1.78 
0.75 
0.94 
0.28 
1.33 
0.59 
0.11 
0.98 
0.23 
2.21 
1.44 
0.59 
0.36 
0.79 
1.46 
0.48 
1.25 
0.55 
0.37 
1.08 
0.58 
1.50 
0.81 
0.55 
0.52 
2.10 
0.39 
1.04 
0.76 
0.20 
0.47 
0.47 
0.58 
1.34 
0.37 
0.83 
0.84 
1.61 
0.39 
1.03 
1.25 
0.44 
1.13 
1.21 
0.32 
0.48 
1.24 
1.91 
0.39 
0.45 
0.91 
0.97 
1.58 
0.58 
0.42 
0.93 
0.87 
0.99 
1.36 
0.70 
1.15 
0.32 
0.73 
0.64 
0.52 
0.65 
0.84 
0.42 
0.50 
0.32 
1.50 
1.12 
0.34 
1.67 
0.91 
0.28 
0.34 
0.84 
0.45 
0.42 
0.16 
2.13 
0.63 
0.53 
0.73 
1.49 
0.74 
0.30 
0.81 
0.66 
1.80 
0.81 
3.02 
0.39 
0.54 
0.71 
0.36 
0.92 
1.79 
0.41 
1.53 
0.94 
0.93 
1.02 
0.99 
0.28 
0.63 
0.90 
1.22 
0.77 
0.94 
0.73 
1.42 
0.69 
1.03 
1.04 
1.00 
0.11 
0.91 
1.33 
0.55 
1.17 
0.98 
1.67 
0.16 
0.30 
0.34 
0.83 
0.59 
0.48 
0.37 
0.82 
Average Diameter: 0.89