Areas from Day0
1.80 
16.10 
9.50 
14.90 
4.00 
1.30 
4.60 
25.90 
232.20 
8.20 
0.60 
732.60 
1.90 
3.30 
18.00 
13.30 
0.10 
24.20 
11.10 
1.90 
33.10 
2.10 
5.80 
38.00 
0.10 
5.60 
3.90 
0.40 
6.60 
77.60 
0.50 
24.90 
13.60 
8.90 
0.80 
3.50 
6.20 
3.20 
7.30 
6.30 
44.40 
69.10 
101.20 
2.30 
9.80 
2.30 
0.40 
13.10 
14.00 
11.80 
1734.00 
5.80 
215.30 
4.50 
6.30 
34.50 
23.80 
0.30 
4.50 
3.70 
3.10 
6.40 
6.90 
18.50 
11.40 
0.90 
80.20 
24.50 
3.40 
0.30 
4.40 
40.40 
195.20 
92.30 
9.80 
0.30 
1.00 
1.90 
2.60 
7.50 
7.80 
0.60 
181.60 
232.20 
0.90 
5.30 
34.10 
7.00 
2.10 
1.60 
3.10 
11.10 
9.10 
9.20 
3.60 
191.60 
0.20 
2.40 
47.50 
173.80 
8.20 
14.50 
1.50 
47.70 
0.30 
3.70 
22.10 
39.70 
8.70 
49.70 
1260.40 
1.10 
137.20 
0.10 
420.80 
7.20 
3.10 
50.90 
0.90 
1.70 
48.80 
536.20 
8.30 
2.20 
0.10 
4.10 
11.40 
0.30 
0.10 
5.30 
1.20 
2.40 
0.90 
0.70 
4.00 
15.10 
12.70 
49.50 
3.60 
3.80 
1.00 
9.80 
8.40 
8.50 
12.40 
11.00 
14.90 
0.40 
2.50 
1.30 
12.10 
1.20 
1.20 
117.00 
47.50 
54.00 
1.10 
3.70 
10.40 
7.50 
9.70 
10210.20 
192.60 
0.40 
6.70 
1.80 
9.40 
0.60 
31.30 
5.60 
1.00 
2.00 
14.50 
17.10 
7.40 
4.50 
13.50 
0.10 
6.60 
2.90 
7.80 
30.10 
2.70 
5.40 
8.70 
1.30 
4.60 
14.00 
52.00 
1.40 
0.60 
8.90 
18.50 
7.10 
2.30 
1.40 
0.30 
4.00 
3.80 
5.30 
156.40 
46.20 
9.20 
3.40 
35.40 
11.40 
19.90 
2.80 
6.50 
0.80 
30.70 
51.00 
5.10 
14.50 
0.70 
2.20 
6.40 
0.40 
9.30 
469.70 
70.60 
12.50 
2.90 
73.20 
1.20 
26.30 
8.10 
254.40 
1.00 
61.90 
12.70 
7.00 
1.40 
27.50 
8.00 
35.60 
4.30 
12.20 
2.40 
40.70 
3.40 
14.40 
10.70 
30.20 
3.40 
8.10 
0.10 
3.40 
0.70 
Average Area: 82.59