Diameters from Day0
0.48 
1.43 
1.10 
1.38 
0.71 
0.41 
0.77 
1.82 
5.44 
1.02 
0.28 
9.66 
0.49 
0.65 
1.51 
1.30 
0.11 
1.76 
1.19 
0.49 
2.05 
0.52 
0.86 
2.20 
0.11 
0.84 
0.70 
0.23 
0.92 
3.14 
0.25 
1.78 
1.32 
1.06 
0.32 
0.67 
0.89 
0.64 
0.96 
0.90 
2.38 
2.97 
3.59 
0.54 
1.12 
0.54 
0.23 
1.29 
1.34 
1.23 
14.86 
0.86 
5.24 
0.76 
0.90 
2.10 
1.74 
0.20 
0.76 
0.69 
0.63 
0.90 
0.94 
1.53 
1.20 
0.34 
3.20 
1.77 
0.66 
0.20 
0.75 
2.27 
4.99 
3.43 
1.12 
0.20 
0.36 
0.49 
0.58 
0.98 
1.00 
0.28 
4.81 
5.44 
0.34 
0.82 
2.08 
0.94 
0.52 
0.45 
0.63 
1.19 
1.08 
1.08 
0.68 
4.94 
0.16 
0.55 
2.46 
4.70 
1.02 
1.36 
0.44 
2.46 
0.20 
0.69 
1.68 
2.25 
1.05 
2.52 
12.67 
0.37 
4.18 
0.11 
7.32 
0.96 
0.63 
2.55 
0.34 
0.47 
2.49 
8.26 
1.03 
0.53 
0.11 
0.72 
1.20 
0.20 
0.11 
0.82 
0.39 
0.55 
0.34 
0.30 
0.71 
1.39 
1.27 
2.51 
0.68 
0.70 
0.36 
1.12 
1.03 
1.04 
1.26 
1.18 
1.38 
0.23 
0.56 
0.41 
1.24 
0.39 
0.39 
3.86 
2.46 
2.62 
0.37 
0.69 
1.15 
0.98 
1.11 
36.06 
4.95 
0.23 
0.92 
0.48 
1.09 
0.28 
2.00 
0.84 
0.36 
0.50 
1.36 
1.48 
0.97 
0.76 
1.31 
0.11 
0.92 
0.61 
1.00 
1.96 
0.59 
0.83 
1.05 
0.41 
0.77 
1.34 
2.57 
0.42 
0.28 
1.06 
1.53 
0.95 
0.54 
0.42 
0.20 
0.71 
0.70 
0.82 
4.46 
2.43 
1.08 
0.66 
2.12 
1.20 
1.59 
0.60 
0.91 
0.32 
1.98 
2.55 
0.81 
1.36 
0.30 
0.53 
0.90 
0.23 
1.09 
7.73 
3.00 
1.26 
0.61 
3.05 
0.39 
1.83 
1.02 
5.69 
0.36 
2.81 
1.27 
0.94 
0.42 
1.87 
1.01 
2.13 
0.74 
1.25 
0.55 
2.28 
0.66 
1.35 
1.17 
1.96 
0.66 
1.02 
0.11 
0.66 
0.30 
Average Diameter: 1.58