Areas from Day16
39.00 
5.60 
1.50 
5.80 
0.10 
12.50 
21.80 
1.40 
0.40 
7.50 
32.90 
13.20 
24.90 
23.90 
40.40 
2.70 
4.20 
4.50 
8.10 
16.40 
9.70 
1.60 
27.60 
8.00 
2.00 
11.80 
4.00 
8.10 
47.90 
45.10 
55.00 
2.50 
10.80 
1.70 
2.70 
2.20 
5.90 
0.40 
25.60 
2.80 
2.60 
46.60 
0.20 
5.30 
17.40 
7.70 
20.20 
3.60 
21.30 
9.30 
36.20 
3.80 
11.10 
6.00 
32.50 
3.80 
19.00 
0.80 
6.30 
4.10 
3.10 
1.70 
6.00 
6.20 
10.50 
0.30 
58.40 
0.70 
4.60 
3.00 
2.40 
2.50 
6.70 
51.80 
13.10 
15.20 
14.50 
8.20 
1.10 
8.00 
0.20 
0.60 
2.40 
11.40 
15.50 
4.10 
1.30 
5.30 
5.60 
3.00 
3.60 
0.10 
23.70 
3.30 
24.90 
15.70 
10.50 
14.50 
11.70 
1.90 
18.00 
16.40 
1.60 
3.20 
0.40 
1.60 
11.00 
7.90 
11.10 
4.00 
2.60 
5.00 
7.70 
1.60 
1.30 
11.30 
6.40 
13.60 
1.20 
5.60 
12.10 
2.20 
7.70 
6.80 
0.80 
0.60 
0.90 
4.50 
2.60 
6.90 
0.10 
0.30 
1.00 
16.30 
7.80 
95.90 
4.60 
0.90 
7.70 
2.40 
1.40 
1.60 
12.50 
1.30 
3.00 
5.70 
2.70 
4.10 
6.40 
6.40 
1.40 
0.80 
2.40 
56.40 
15.70 
33.30 
6.60 
17.80 
1.70 
25.20 
18.00 
30.00 
1.60 
14.60 
23.80 
16.60 
42.50 
1.20 
6.90 
8.10 
4.20 
2.60 
2.80 
9.90 
20.30 
6.60 
0.20 
1.00 
1.70 
14.40 
33.30 
1.50 
55.40 
7.60 
17.20 
0.20 
2.90 
9.60 
24.80 
13.90 
3.70 
34.70 
0.20 
15.70 
2.90 
0.20 
7.50 
1.80 
10.50 
17.10 
28.70 
55.80 
3.80 
12.70 
3.20 
4.20 
10.40 
3.30 
1.30 
0.10 
3.80 
0.30 
18.50 
19.50 
1.60 
17.00 
3.00 
2.40 
22.40 
13.40 
0.80 
19.00 
10.70 
1.20 
0.50 
6.80 
13.90 
0.60 
0.30 
10.80 
1.80 
3.90 
27.70 
3.80 
2.50 
10.10 
145.50 
11.80 
4.60 
78.80 
11.70 
0.70 
7.50 
6.30 
14.40 
0.50 
7.00 
4.60 
1.60 
3.10 
57.20 
47.80 
13.90 
11.20 
1.60 
10.70 
1.50 
0.90 
2.40 
3.50 
28.50 
15.00 
2.10 
0.60 
52.30 
28.90 
3.40 
10.30 
48.50 
2.80 
9.80 
38.50 
32.20 
4.90 
83.30 
3.50 
15.70 
3.50 
32.50 
0.30 
3.00 
12.10 
5.70 
15.90 
30.90 
10.10 
7.10 
7.30 
2.10 
0.20 
1.10 
1.30 
15.90 
22.50 
4.70 
14.40 
9.70 
6.90 
4.00 
51.00 
4.40 
7.50 
28.80 
5.70 
16.30 
28.80 
12.60 
17.10 
2.70 
2.90 
2.30 
6.70 
15.90 
8.90 
2.70 
25.40 
2.50 
7.10 
2.00 
152.90 
3.30 
1.10 
4.20 
47.50 
7.00 
12.20 
41.70 
39.50 
0.80 
19.80 
4.50 
61.40 
2.00 
11.90 
0.40 
0.60 
2.90 
0.50 
3.70 
62.20 
9.50 
5.00 
11.60 
3.30 
1.20 
27.50 
4.70 
6.30 
1986.10 
104.10 
0.60 
11.30 
0.90 
0.60 
79.10 
6.40 
357.20 
37.80 
9.10 
3.30 
17.20 
2.30 
68.90 
4.20 
6.50 
52.40 
12.20 
0.30 
24.50 
17.80 
0.50 
6.40 
10.50 
27.50 
2.70 
2.90 
23.10 
1.00 
443.70 
0.50 
7.70 
6.60 
0.90 
12.10 
9.00 
5.90 
3.50 
8.70 
0.40 
213.90 
0.40 
3.90 
0.30 
3.30 
2.00 
12.00 
23.50 
28.10 
10.00 
23.00 
1.20 
44.30 
36.30 
5.90 
1.90 
27.30 
1.20 
0.10 
2.90 
61.70 
12.60 
26.80 
7.10 
5.20 
0.50 
20.10 
48.60 
1.60 
4.10 
28.50 
5.60 
0.30 
0.10 
57.40 
3.40 
4.70 
3.90 
0.10 
13.70 
289.50 
19.10 
5.00 
1.10 
4.70 
124.90 
98.10 
19.80 
0.10 
18.00 
12.70 
13.70 
94.10 
11.00 
31.70 
0.60 
24.80 
1.60 
2.10 
52.10 
2.90 
13.70 
0.30 
20.40 
0.50 
2.80 
11.50 
88.10 
18.20 
15.20 
117.60 
333.90 
127.10 
9.20 
18.70 
1.60 
19.40 
21.30 
148.70 
20.30 
23.40 
13.00 
3.20 
72.00 
1.00 
84.00 
0.90 
8.70 
5.20 
1.10 
207.10 
2.00 
8.50 
2.60 
0.50 
45.40 
136.50 
3.60 
53.30 
29.60 
2.20 
1.60 
0.50 
0.40 
14.90 
12.40 
98.70 
20.70 
17.80 
3.20 
26.50 
43.50 
1.00 
0.90 
25.60 
1.90 
3.20 
39.40 
18.10 
1.10 
3.40 
7.70 
15.10 
5.80 
3.90 
0.70 
0.10 
0.10 
0.60 
2.50 
1.60 
0.60 
0.30 
0.30 
1.50 
0.20 
Average Area: 21.69