Diameters from Day16
2.23 
0.84 
0.44 
0.86 
0.11 
1.26 
1.67 
0.42 
0.23 
0.98 
2.05 
1.30 
1.78 
1.74 
2.27 
0.59 
0.73 
0.76 
1.02 
1.45 
1.11 
0.45 
1.87 
1.01 
0.50 
1.23 
0.71 
1.02 
2.47 
2.40 
2.65 
0.56 
1.17 
0.47 
0.59 
0.53 
0.87 
0.23 
1.81 
0.60 
0.58 
2.44 
0.16 
0.82 
1.49 
0.99 
1.60 
0.68 
1.65 
1.09 
2.15 
0.70 
1.19 
0.87 
2.03 
0.70 
1.56 
0.32 
0.90 
0.72 
0.63 
0.47 
0.87 
0.89 
1.16 
0.20 
2.73 
0.30 
0.77 
0.62 
0.55 
0.56 
0.92 
2.57 
1.29 
1.39 
1.36 
1.02 
0.37 
1.01 
0.16 
0.28 
0.55 
1.20 
1.40 
0.72 
0.41 
0.82 
0.84 
0.62 
0.68 
0.11 
1.74 
0.65 
1.78 
1.41 
1.16 
1.36 
1.22 
0.49 
1.51 
1.45 
0.45 
0.64 
0.23 
0.45 
1.18 
1.00 
1.19 
0.71 
0.58 
0.80 
0.99 
0.45 
0.41 
1.20 
0.90 
1.32 
0.39 
0.84 
1.24 
0.53 
0.99 
0.93 
0.32 
0.28 
0.34 
0.76 
0.58 
0.94 
0.11 
0.20 
0.36 
1.44 
1.00 
3.49 
0.77 
0.34 
0.99 
0.55 
0.42 
0.45 
1.26 
0.41 
0.62 
0.85 
0.59 
0.72 
0.90 
0.90 
0.42 
0.32 
0.55 
2.68 
1.41 
2.06 
0.92 
1.51 
0.47 
1.79 
1.51 
1.95 
0.45 
1.36 
1.74 
1.45 
2.33 
0.39 
0.94 
1.02 
0.73 
0.58 
0.60 
1.12 
1.61 
0.92 
0.16 
0.36 
0.47 
1.35 
2.06 
0.44 
2.66 
0.98 
1.48 
0.16 
0.61 
1.11 
1.78 
1.33 
0.69 
2.10 
0.16 
1.41 
0.61 
0.16 
0.98 
0.48 
1.16 
1.48 
1.91 
2.67 
0.70 
1.27 
0.64 
0.73 
1.15 
0.65 
0.41 
0.11 
0.70 
0.20 
1.53 
1.58 
0.45 
1.47 
0.62 
0.55 
1.69 
1.31 
0.32 
1.56 
1.17 
0.39 
0.25 
0.93 
1.33 
0.28 
0.20 
1.17 
0.48 
0.70 
1.88 
0.70 
0.56 
1.13 
4.30 
1.23 
0.77 
3.17 
1.22 
0.30 
0.98 
0.90 
1.35 
0.25 
0.94 
0.77 
0.45 
0.63 
2.70 
2.47 
1.33 
1.19 
0.45 
1.17 
0.44 
0.34 
0.55 
0.67 
1.90 
1.38 
0.52 
0.28 
2.58 
1.92 
0.66 
1.15 
2.48 
0.60 
1.12 
2.21 
2.02 
0.79 
3.26 
0.67 
1.41 
0.67 
2.03 
0.20 
0.62 
1.24 
0.85 
1.42 
1.98 
1.13 
0.95 
0.96 
0.52 
0.16 
0.37 
0.41 
1.42 
1.69 
0.77 
1.35 
1.11 
0.94 
0.71 
2.55 
0.75 
0.98 
1.91 
0.85 
1.44 
1.91 
1.27 
1.48 
0.59 
0.61 
0.54 
0.92 
1.42 
1.06 
0.59 
1.80 
0.56 
0.95 
0.50 
4.41 
0.65 
0.37 
0.73 
2.46 
0.94 
1.25 
2.30 
2.24 
0.32 
1.59 
0.76 
2.80 
0.50 
1.23 
0.23 
0.28 
0.61 
0.25 
0.69 
2.81 
1.10 
0.80 
1.22 
0.65 
0.39 
1.87 
0.77 
0.90 
15.90 
3.64 
0.28 
1.20 
0.34 
0.28 
3.17 
0.90 
6.74 
2.19 
1.08 
0.65 
1.48 
0.54 
2.96 
0.73 
0.91 
2.58 
1.25 
0.20 
1.77 
1.51 
0.25 
0.90 
1.16 
1.87 
0.59 
0.61 
1.71 
0.36 
7.52 
0.25 
0.99 
0.92 
0.34 
1.24 
1.07 
0.87 
0.67 
1.05 
0.23 
5.22 
0.23 
0.70 
0.20 
0.65 
0.50 
1.24 
1.73 
1.89 
1.13 
1.71 
0.39 
2.37 
2.15 
0.87 
0.49 
1.86 
0.39 
0.11 
0.61 
2.80 
1.27 
1.85 
0.95 
0.81 
0.25 
1.60 
2.49 
0.45 
0.72 
1.90 
0.84 
0.20 
0.11 
2.70 
0.66 
0.77 
0.70 
0.11 
1.32 
6.07 
1.56 
0.80 
0.37 
0.77 
3.99 
3.53 
1.59 
0.11 
1.51 
1.27 
1.32 
3.46 
1.18 
2.01 
0.28 
1.78 
0.45 
0.52 
2.58 
0.61 
1.32 
0.20 
1.61 
0.25 
0.60 
1.21 
3.35 
1.52 
1.39 
3.87 
6.52 
4.02 
1.08 
1.54 
0.45 
1.57 
1.65 
4.35 
1.61 
1.73 
1.29 
0.64 
3.03 
0.36 
3.27 
0.34 
1.05 
0.81 
0.37 
5.14 
0.50 
1.04 
0.58 
0.25 
2.40 
4.17 
0.68 
2.61 
1.94 
0.53 
0.45 
0.25 
0.23 
1.38 
1.26 
3.54 
1.62 
1.51 
0.64 
1.84 
2.35 
0.36 
0.34 
1.81 
0.49 
0.64 
2.24 
1.52 
0.37 
0.66 
0.99 
1.39 
0.86 
0.70 
0.30 
0.11 
0.11 
0.28 
0.56 
0.45 
0.28 
0.20 
0.20 
0.44 
0.16 
Average Diameter: 1.19