211.00 
172.00 
266.00 
304.00 
139.00 
112.00 
142.00 
296.00 
122.00 
230.00 
143.00 
116.00 
116.00 
244.00 
168.00 
162.00 
175.00 
202.00 
125.00 
175.00 
110.00 
167.00 
322.00 
127.00 
239.00 
164.00 
115.00 
87.00 
149.00 
145.00 
369.00 
182.00 
247.00 
173.00 
235.00 
211.00 
137.00 
173.00 
162.00 
150.00 
216.00 
108.00 
201.00 
208.00 
180.00 
121.00 
156.00 
155.00 
106.00 
125.00 
170.00 
154.00 
365.00 
101.00 
128.00 
166.00 
112.00 
310.00 
144.00 
117.00 
127.00 
196.00 
111.00 
115.00 
246.00 
153.00 
125.00 
121.00 
230.00 
176.00 
197.00 
232.00 
191.00 
114.00 
112.00 
447.00 
261.00 
154.00 
352.00 
259.00 
242.00 
318.00 
242.00 
115.00 
123.00 
310.00 
152.00 
156.00 
112.00 
183.00 
107.00 
217.00 
133.00 
162.00 
199.00 
123.00 
119.00 
314.00 
82.00 
90.00 
215.00 
100.00 
306.00 
179.00 
136.00 
103.00 
367.00 
95.00 
228.00 
267.00 
93.00 
218.00 
110.00 
314.00 
130.00 
159.00 
270.00 
190.00 
103.00 
96.00 
332.00 
373.00 
93.00 
209.00 
138.00 
283.00 
372.00 
121.00 
137.00 
145.00 
130.00 
618.00 
154.00 
186.00 
127.00 
179.00 
137.00 
323.00 
156.00 
232.00 
128.00 
105.00 
274.00 
172.00 
321.00 
91.00 
217.00 
136.00 
160.00 
140.00 
308.00 
97.00 
106.00 
105.00 
286.00 
91.00 
212.00 
207.00 
114.00 
97.00 
1356.00 
502.00 
292.00 
135.00 
98.00 
100.00 
104.00 
263.00 
274.00 
196.00 
206.00 
132.00 
125.00 
105.00 
101.00 
126.00 
456.00 
335.00 
175.00 
269.00 
125.00 
349.00 
92.00 
478.00 
506.00 
190.00 
95.00 
369.00 
104.00 
270.00 
217.00 
312.00 
158.00 
139.00 
185.00 
232.00 
130.00 
