Areas from Day0
0.80 
10.70 
23.40 
0.40 
7.40 
4.00 
1.50 
1.00 
0.80 
15.80 
0.60 
2.00 
0.50 
2.50 
13.00 
0.10 
0.10 
9.80 
0.20 
6.60 
4.10 
6.60 
0.30 
3.70 
0.30 
9.30 
0.40 
7.40 
1.50 
3.40 
3.70 
0.80 
3.40 
0.20 
4.00 
18.50 
6.40 
0.60 
0.60 
12.80 
1.30 
3.80 
1.40 
1.60 
5.30 
0.30 
1.60 
2.60 
1.10 
5.40 
1.00 
0.60 
6.40 
2.40 
2.20 
0.20 
0.30 
4.20 
6.90 
1.60 
0.60 
0.20 
3.50 
6.50 
1.20 
13.80 
2.60 
14.70 
1.60 
8.90 
1.00 
4.70 
1.60 
2.20 
1.30 
0.90 
0.30 
2.10 
5.50 
1.90 
10.10 
2.20 
10.90 
0.30 
1.40 
5.50 
1.10 
1.90 
0.40 
27.50 
0.10 
0.40 
0.10 
12.00 
11.30 
5.70 
4.70 
0.40 
16.90 
5.30 
2.00 
3.20 
9.80 
1.40 
1.90 
6.50 
6.80 
9.80 
0.30 
1.10 
1.80 
0.50 
0.20 
0.10 
11.40 
2.20 
2.50 
0.80 
1.00 
10.20 
4.40 
0.70 
1.70 
1.70 
1.80 
0.50 
3.90 
8.80 
23.40 
1.60 
5.40 
11.80 
9.20 
2.10 
0.50 
11.80 
0.60 
0.30 
7.00 
0.60 
6.80 
0.80 
5.80 
2.80 
0.10 
6.00 
0.10 
12.40 
7.50 
1.80 
2.20 
7.10 
2.60 
4.10 
2.00 
25.70 
1.60 
16.30 
0.10 
17.90 
1.60 
6.80 
0.10 
3.50 
12.00 
10.90 
10.00 
0.10 
3.90 
18.20 
7.10 
11.30 
0.10 
2.70 
8.80 
1.60 
1.30 
1.40 
6.40 
2.30 
4.20 
5.70 
64.90 
11.20 
6.70 
4.60 
0.70 
4.80 
4.30 
1.10 
5.60 
10.10 
10.80 
1.60 
2.10 
2.30 
10.30 
0.50 
2.10 
10.70 
0.40 
3.00 
22.80 
2.80 
3.00 
3.40 
4.90 
2.40 
0.10 
5.40 
5.20 
3.40 
1.10 
2.90 
4.90 
1.50 
6.30 
2.10 
25.50 
5.30 
0.30 
1.00 
0.60 
10.00 
0.20 
7.70 
0.10 
27.60 
3.50 
1.60 
5.30 
16.10 
6.80 
1.30 
0.40 
2.40 
2.60 
0.90 
0.10 
0.10 
6.60 
0.40 
12.00 
3.70 
12.50 
9.40 
3.30 
14.10 
0.50 
0.10 
0.30 
1.30 
4.80 
3.10 
0.80 
9.90 
15.00 
5.60 
8.50 
0.10 
6.80 
33.90 
5.40 
0.40 
1.70 
1.10 
9.30 
3.30 
1.40 
1.00 
0.20 
2.60 
0.20 
2.20 
0.80 
0.60 
2.10 
7.10 
1.70 
6.50 
0.20 
1.80 
0.10 
0.30 
0.40 
1.80 
6.20 
7.00 
8.80 
7.00 
0.30 
12.00 
0.60 
0.20 
17.10 
1.40 
0.60 
0.60 
0.20 
2.70 
3.90 
4.40 
5.50 
0.90 
0.90 
0.60 
3.30 
11.10 
0.30 
2.10 
5.20 
0.20 
22.70 
5.60 
18.30 
3.30 
2.40 
3.10 
10.70 
15.50 
12.80 
1.70 
0.50 
1.90 
0.20 
3.70 
3.10 
17.90 
1.30 
0.80 
7.00 
1.10 
0.30 
11.40 
6.40 
2.10 
0.60 
0.20 
8.40 
0.20 
1.30 
5.40 
2.50 
0.20 
2.10 
5.10 
4.60 
7.60 
2.80 
6.80 
4.50 
2.70 
4.70 
8.10 
10.10 
0.10 
0.20 
7.10 
6.10 
8.90 
3.20 
14.00 
20.90 
0.10 
0.50 
0.60 
0.60 
7.80 
1.40 
19.10 
6.90 
0.30 
3.80 
41.00 
2.80 
0.80 
7.90 
0.10 
0.50 
4.00 
0.60 
11.10 
6.80 
6.90 
3.20 
6.90 
1.40 
2.30 
5.60 
6.10 
4.90 
3.40 
2.20 
0.70 
3.80 
3.60 
1.70 
3.30 
5.20 
0.50 
10.60 
18.10 
7.50 
1.70 
20.80 
4.60 
17.70 
10.10 
3.50 
0.10 
5.60 
7.20 
14.50 
5.50 
2.30 
0.60 
6.50 
1.70 
0.80 
14.90 
3.60 
0.60 
5.70 
0.10 
3.50 
6.00 
1.00 
1.70 
20.00 
0.30 
8.00 
3.50 
7.20 
5.30 
0.90 
1.60 
0.50 
1.60 
3.80 
11.40 
29.80 
7.40 
8.90 
3.10 
18.10 
18.30 
10.50 
21.60 
0.90 
0.60 
38.80 
0.20 
0.40 
12.40 
1.10 
6.30 
0.60 
4.70 
4.00 
0.30 
23.60 
5.80 
1.10 
11.60 
0.80 
0.20 
1.40 
0.10 
0.10 
29.60 
32.80 
0.10 
1.50 
5.40 
8.40 
13.20 
0.10 
0.50 
0.70 
0.10 
1.70 
1.00 
0.10 
2.40 
1.90 
11.70 
3.70 
1.30 
0.50 
1.10 
2.40 
76.20 
1.30 
11.00 
38.70 
1.30 
0.70 
0.10 
0.50 
0.60 
4.10 
0.70 
4.90 
0.30 
4.70 
27.60 
13.20 
8.20 
0.10 
8.80 
2.60 
5.40 
1.70 
0.20 
4.80 
8.60 
0.10 
2.70 
1.90 
1.10 
0.60 
0.20 
1.80 
3.30 
4.10 
33.70 
0.10 
1.60 
0.20 
5.30 
0.20 
1.60 
4.20 
1.20 
9.20 
8.80 
7.60 
0.50 
4.90 
4.20 
6.10 
9.70 
3.00 
1.90 
1.70 
12.50 
0.20 
6.30 
1.40 
13.90 
0.20 
55.80 
2.60 
0.80 
0.40 
13.50 
0.20 
0.20 
14.80 
12.40 
6.00 
1.10 
1.00 
0.10 
1.80 
1.50 
3.60 
3.20 
6.50 
3.10 
0.10 
26.60 
0.20 
21.40 
4.20 
0.20 
5.90 
0.10 
4.70 
7.40 
31.40 
3.20 
21.40 
0.10 
1.30 
8.60 
1.70 
6.00 
5.50 
7.60 
3.70 
40.60 
4.70 
0.30 
1.30 
31.20 
3.20 
5.10 
0.80 
0.60 
3.70 
5.80 
0.10 
0.10 
2.60 
0.10 
1.10 
10.10 
6.50 
1.00 
5.10 
1.70 
2.30 
0.10 
1.40 
0.70 
0.30 
0.10 
7.00 
11.80 
1.30 
39.00 
0.40 
3.90 
5.20 
0.90 
13.30 
0.10 
0.10 
0.60 
0.40 
0.30 
0.30 
1.10 
21.40 
2.30 
38.20 
7.40 
3.80 
2.30 
29.90 
8.70 
7.60 
28.40 
4.90 
4.90 
0.30 
0.40 
0.50 
10.20 
10.90 
0.10 
13.20 
10.20 
17.20 
1.30 
1.00 
4.10 
5.00 
11.00 
0.70 
17.50 
2.20 
8.60 
36.20 
2.40 
2.10 
10.00 
0.30 
0.10 
0.40 
0.60 
7.70 
5.20 
7.70 
5.40 
4.00 
7.40 
6.90 
2.50 
4.10 
0.90 
0.90 
1.40 
4.50 
28.10 
16.60 
5.90 
7.90 
11.50 
0.50 
9.00 
0.30 
22.50 
1.00 
0.70 
1.70 
2.40 
5.70 
0.30 
0.30 
2.10 
4.00 
26.20 
2.20 
2.20 
14.60 
0.50 
0.10 
10.10 
0.20 
0.10 
0.60 
3.10 
2.40 
1.20 
7.30 
2.60 
2.60 
9.30 
0.40 
7.80 
1.10 
0.10 
2.30 
3.70 
7.40 
0.10 
2.20 
1.00 
27.20 
0.10 
1.00 
3.30 
6.90 
4.20 
0.50 
4.20 
0.80 
4.60 
1.90 
1.50 
3.60 
13.10 
8.10 
1.00 
4.80 
1.20 
11.10 
3.30 
0.90 
0.60 
4.40 
3.90 
8.20 
28.10 
8.10 
1.20 
0.90 
2.80 
2.50 
0.80 
5.60 
0.50 
0.80 
17.90 
4.50 
13.20 
3.80 
10.10 
0.20 
21.10 
0.20 
5.60 
0.40 
20.70 
1.00 
2.50 
2.50 
3.50 
1.20 
16.90 
6.50 
11.50 
9.70 
29.50 
1.40 
4.00 
5.00 
3.80 
5.10 
0.60 
4.00 
10.20 
0.40 
8.10 
36.80 
4.40 
1.20 
13.10 
0.10 
1.80 
0.20 
0.90 
13.80 
1.90 
0.20 
1.60 
2.00 
3.40 
0.50 
6.10 
1.40 
2.70 
0.10 
1.30 
2.00 
21.10 
8.50 
0.50 
0.80 
0.40 
13.80 
0.40 
2.00 
2.10 
14.70 
8.40 
0.60 
0.30 
0.20 
1.10 
0.70 
0.20 
3.90 
9.20 
4.70 
0.60 
60.10 
3.80 
0.40 
1.20 
15.20 
10.10 
28.10 
1.30 
7.40 
0.20 
15.10 
0.70 
0.90 
0.20 
5.70 
0.20 
1.70 
1.60 
0.20 
1.00 
2.00 
0.70 
0.80 
1.20 
Average Area: 5.59