Diameters from Day0
0.32 
1.17 
1.73 
0.23 
0.97 
0.71 
0.44 
0.36 
0.32 
1.42 
0.28 
0.50 
0.25 
0.56 
1.29 
0.11 
0.11 
1.12 
0.16 
0.92 
0.72 
0.92 
0.20 
0.69 
0.20 
1.09 
0.23 
0.97 
0.44 
0.66 
0.69 
0.32 
0.66 
0.16 
0.71 
1.53 
0.90 
0.28 
0.28 
1.28 
0.41 
0.70 
0.42 
0.45 
0.82 
0.20 
0.45 
0.58 
0.37 
0.83 
0.36 
0.28 
0.90 
0.55 
0.53 
0.16 
0.20 
0.73 
0.94 
0.45 
0.28 
0.16 
0.67 
0.91 
0.39 
1.33 
0.58 
1.37 
0.45 
1.06 
0.36 
0.77 
0.45 
0.53 
0.41 
0.34 
0.20 
0.52 
0.84 
0.49 
1.13 
0.53 
1.18 
0.20 
0.42 
0.84 
0.37 
0.49 
0.23 
1.87 
0.11 
0.23 
0.11 
1.24 
1.20 
0.85 
0.77 
0.23 
1.47 
0.82 
0.50 
0.64 
1.12 
0.42 
0.49 
0.91 
0.93 
1.12 
0.20 
0.37 
0.48 
0.25 
0.16 
0.11 
1.20 
0.53 
0.56 
0.32 
0.36 
1.14 
0.75 
0.30 
0.47 
0.47 
0.48 
0.25 
0.70 
1.06 
1.73 
0.45 
0.83 
1.23 
1.08 
0.52 
0.25 
1.23 
0.28 
0.20 
0.94 
0.28 
0.93 
0.32 
0.86 
0.60 
0.11 
0.87 
0.11 
1.26 
0.98 
0.48 
0.53 
0.95 
0.58 
0.72 
0.50 
1.81 
0.45 
1.44 
0.11 
1.51 
0.45 
0.93 
0.11 
0.67 
1.24 
1.18 
1.13 
0.11 
0.70 
1.52 
0.95 
1.20 
0.11 
0.59 
1.06 
0.45 
0.41 
0.42 
0.90 
0.54 
0.73 
0.85 
2.87 
1.19 
0.92 
0.77 
0.30 
0.78 
0.74 
0.37 
0.84 
1.13 
1.17 
0.45 
0.52 
0.54 
1.15 
0.25 
0.52 
1.17 
0.23 
0.62 
1.70 
0.60 
0.62 
0.66 
0.79 
0.55 
0.11 
0.83 
0.81 
0.66 
0.37 
0.61 
0.79 
0.44 
0.90 
0.52 
1.80 
0.82 
0.20 
0.36 
0.28 
1.13 
0.16 
0.99 
0.11 
1.87 
0.67 
0.45 
0.82 
1.43 
0.93 
0.41 
0.23 
0.55 
0.58 
0.34 
0.11 
0.11 
0.92 
0.23 
1.24 
0.69 
1.26 
1.09 
0.65 
1.34 
0.25 
0.11 
0.20 
0.41 
0.78 
0.63 
0.32 
1.12 
1.38 
0.84 
1.04 
0.11 
0.93 
2.08 
0.83 
0.23 
0.47 
0.37 
1.09 
0.65 
0.42 
0.36 
0.16 
0.58 
0.16 
0.53 
0.32 
0.28 
0.52 
0.95 
0.47 
0.91 
0.16 
0.48 
0.11 
0.20 
0.23 
0.48 
0.89 
0.94 
1.06 
0.94 
0.20 
1.24 
0.28 
0.16 
1.48 
0.42 
0.28 
0.28 
0.16 
0.59 
0.70 
0.75 
0.84 
0.34 
0.34 
0.28 
0.65 
1.19 
0.20 
0.52 
0.81 
0.16 
1.70 
0.84 
1.53 
0.65 
0.55 
0.63 
1.17 
1.40 
1.28 
0.47 
0.25 
0.49 
0.16 
0.69 
0.63 
1.51 
0.41 
0.32 
0.94 
0.37 
0.20 
1.20 
0.90 
0.52 
0.28 
0.16 
1.03 
0.16 
0.41 
0.83 
0.56 
0.16 
0.52 
0.81 
0.77 
0.98 
0.60 
0.93 
0.76 
0.59 
0.77 
1.02 
1.13 
0.11 
0.16 
0.95 
0.88 
1.06 
0.64 
1.34 
1.63 
0.11 
0.25 
0.28 
0.28 
1.00 
0.42 
1.56 
0.94 
0.20 
0.70 
2.28 
0.60 
0.32 
1.00 
0.11 
0.25 
0.71 
0.28 
1.19 
0.93 
0.94 
0.64 
0.94 
0.42 
0.54 
0.84 
0.88 
0.79 
0.66 
0.53 
0.30 
0.70 
0.68 
0.47 
0.65 
0.81 
0.25 
1.16 
1.52 
0.98 
0.47 
1.63 
0.77 
1.50 
1.13 
0.67 
0.11 
0.84 
0.96 
1.36 
0.84 
0.54 
0.28 
0.91 
0.47 
0.32 
1.38 
0.68 
0.28 
0.85 
0.11 
0.67 
0.87 
0.36 
0.47 
1.60 
0.20 
1.01 
0.67 
0.96 
0.82 
0.34 
0.45 
0.25 
0.45 
0.70 
1.20 
1.95 
0.97 
1.06 
0.63 
1.52 
1.53 
1.16 
1.66 
0.34 
0.28 
2.22 
0.16 
0.23 
1.26 
0.37 
0.90 
0.28 
0.77 
0.71 
0.20 
1.73 
0.86 
0.37 
1.22 
0.32 
0.16 
0.42 
0.11 
0.11 
1.94 
2.04 
0.11 
0.44 
0.83 
1.03 
1.30 
0.11 
0.25 
0.30 
0.11 
0.47 
0.36 
0.11 
0.55 
0.49 
1.22 
0.69 
0.41 
0.25 
0.37 
0.55 
3.11 
0.41 
1.18 
2.22 
0.41 
0.30 
0.11 
0.25 
0.28 
0.72 
0.30 
0.79 
0.20 
0.77 
1.87 
1.30 
1.02 
0.11 
1.06 
0.58 
0.83 
0.47 
0.16 
0.78 
1.05 
0.11 
0.59 
0.49 
0.37 
0.28 
0.16 
0.48 
0.65 
0.72 
2.07 
0.11 
0.45 
0.16 
0.82 
0.16 
0.45 
0.73 
0.39 
1.08 
1.06 
0.98 
0.25 
0.79 
0.73 
0.88 
1.11 
0.62 
0.49 
0.47 
1.26 
0.16 
0.90 
0.42 
1.33 
0.16 
2.67 
0.58 
0.32 
0.23 
1.31 
0.16 
0.16 
1.37 
1.26 
0.87 
0.37 
0.36 
0.11 
0.48 
0.44 
0.68 
0.64 
0.91 
0.63 
0.11 
1.84 
0.16 
1.65 
0.73 
0.16 
0.87 
0.11 
0.77 
0.97 
2.00 
0.64 
1.65 
0.11 
0.41 
1.05 
0.47 
0.87 
0.84 
0.98 
0.69 
2.27 
0.77 
0.20 
0.41 
1.99 
0.64 
0.81 
0.32 
0.28 
0.69 
0.86 
0.11 
0.11 
0.58 
0.11 
0.37 
1.13 
0.91 
0.36 
0.81 
0.47 
0.54 
0.11 
0.42 
0.30 
0.20 
0.11 
0.94 
1.23 
0.41 
2.23 
0.23 
0.70 
0.81 
0.34 
1.30 
0.11 
0.11 
0.28 
0.23 
0.20 
0.20 
0.37 
1.65 
0.54 
2.21 
0.97 
0.70 
0.54 
1.95 
1.05 
0.98 
1.90 
0.79 
0.79 
0.20 
0.23 
0.25 
1.14 
1.18 
0.11 
1.30 
1.14 
1.48 
0.41 
0.36 
0.72 
0.80 
1.18 
0.30 
1.49 
0.53 
1.05 
2.15 
0.55 
0.52 
1.13 
0.20 
0.11 
0.23 
0.28 
0.99 
0.81 
0.99 
0.83 
0.71 
0.97 
0.94 
0.56 
0.72 
0.34 
0.34 
0.42 
0.76 
1.89 
1.45 
0.87 
1.00 
1.21 
0.25 
1.07 
0.20 
1.69 
0.36 
0.30 
0.47 
0.55 
0.85 
0.20 
0.20 
0.52 
0.71 
1.83 
0.53 
0.53 
1.36 
0.25 
0.11 
1.13 
0.16 
0.11 
0.28 
0.63 
0.55 
0.39 
0.96 
0.58 
0.58 
1.09 
0.23 
1.00 
0.37 
0.11 
0.54 
0.69 
0.97 
0.11 
0.53 
0.36 
1.86 
0.11 
0.36 
0.65 
0.94 
0.73 
0.25 
0.73 
0.32 
0.77 
0.49 
0.44 
0.68 
1.29 
1.02 
0.36 
0.78 
0.39 
1.19 
0.65 
0.34 
0.28 
0.75 
0.70 
1.02 
1.89 
1.02 
0.39 
0.34 
0.60 
0.56 
0.32 
0.84 
0.25 
0.32 
1.51 
0.76 
1.30 
0.70 
1.13 
0.16 
1.64 
0.16 
0.84 
0.23 
1.62 
0.36 
0.56 
0.56 
0.67 
0.39 
1.47 
0.91 
1.21 
1.11 
1.94 
0.42 
0.71 
0.80 
0.70 
0.81 
0.28 
0.71 
1.14 
0.23 
1.02 
2.16 
0.75 
0.39 
1.29 
0.11 
0.48 
0.16 
0.34 
1.33 
0.49 
0.16 
0.45 
0.50 
0.66 
0.25 
0.88 
0.42 
0.59 
0.11 
0.41 
0.50 
1.64 
1.04 
0.25 
0.32 
0.23 
1.33 
0.23 
0.50 
0.52 
1.37 
1.03 
0.28 
0.20 
0.16 
0.37 
0.30 
0.16 
0.70 
1.08 
0.77 
0.28 
2.77 
0.70 
0.23 
0.39 
1.39 
1.13 
1.89 
0.41 
0.97 
0.16 
1.39 
0.30 
0.34 
0.16 
0.85 
0.16 
0.47 
0.45 
0.16 
0.36 
0.50 
0.30 
0.32 
0.39 
Average Diameter: 0.69