Areas from Day8
4.80 
5.10 
3.70 
0.10 
1.40 
0.60 
1.40 
14.90 
0.90 
6.50 
1.80 
1.40 
0.20 
4.30 
9.30 
4.20 
13.70 
8.60 
16.60 
2.40 
2.30 
5.40 
0.90 
1.40 
3.60 
1.00 
7.00 
4.80 
2.60 
7.20 
2.90 
8.70 
2.00 
10.00 
9.40 
11.60 
1.20 
12.40 
16.70 
2.10 
5.80 
1.20 
6.20 
7.40 
4.90 
2.30 
18.80 
2.00 
7.40 
10.60 
1.80 
8.10 
4.30 
1.40 
6.10 
3.70 
26.60 
3.30 
5.70 
6.30 
2.80 
1.20 
10.30 
2.80 
3.30 
18.10 
17.90 
7.30 
4.10 
10.00 
2.10 
2.90 
4.30 
1.70 
5.40 
5.90 
3.70 
8.70 
6.00 
0.60 
4.10 
12.60 
7.90 
1.20 
9.90 
8.90 
4.40 
4.40 
7.40 
22.50 
5.70 
0.40 
3.50 
5.70 
0.70 
1.10 
0.40 
0.70 
0.90 
4.60 
2.10 
4.00 
9.70 
7.20 
1.20 
8.50 
4.40 
4.10 
25.30 
6.80 
2.80 
3.20 
3.90 
1.20 
10.70 
12.50 
6.90 
11.30 
3.20 
6.10 
24.90 
1.80 
8.80 
1.40 
1.40 
7.20 
0.80 
22.50 
6.60 
15.30 
23.10 
0.60 
0.90 
9.80 
0.90 
13.20 
2.70 
0.70 
13.40 
5.80 
0.90 
15.20 
4.80 
11.30 
13.40 
52.50 
12.40 
2.90 
10.40 
4.00 
8.10 
1.20 
19.70 
7.60 
22.40 
7.70 
6.30 
1.30 
2.10 
38.50 
3.90 
10.50 
2.50 
3.60 
36.60 
12.30 
6.50 
11.20 
15.60 
16.50 
4.90 
4.00 
12.60 
0.20 
0.30 
6.70 
52.00 
11.80 
0.90 
1.00 
4.70 
0.60 
1.30 
0.30 
2.90 
0.40 
1.10 
0.10 
0.90 
0.20 
16.00 
19.20 
0.10 
31.60 
10.20 
42.80 
16.50 
0.70 
16.70 
0.30 
0.60 
0.90 
7.90 
10.50 
1.80 
0.70 
10.60 
3.00 
2.60 
0.70 
1.00 
4.30 
4.90 
26.70 
2.20 
1.10 
5.10 
9.30 
17.80 
4.90 
0.40 
1.20 
22.10 
2.20 
23.60 
0.80 
0.10 
0.10 
41.40 
3.00 
29.70 
3.80 
19.70 
10.10 
1.10 
1.40 
0.10 
5.20 
14.40 
19.30 
1.40 
4.20 
21.90 
0.20 
22.90 
9.60 
0.60 
4.00 
1.60 
37.50 
4.70 
3.10 
4.60 
3.80 
5.40 
12.60 
17.10 
8.40 
16.10 
14.10 
4.00 
37.40 
41.50 
10.20 
90.80 
1.30 
2.20 
1.30 
6.10 
0.80 
2.50 
9.10 
8.40 
10.40 
7.50 
12.60 
0.50 
1.40 
6.20 
4.00 
21.40 
2.40 
9.60 
2.90 
2.40 
18.50 
4.50 
8.00 
0.40 
3.30 
6.70 
11.10 
28.50 
0.30 
2.60 
0.80 
0.40 
6.80 
9.40 
0.60 
19.90 
4.00 
10.90 
10.50 
2.40 
3.00 
4.10 
3.40 
1.40 
22.40 
16.20 
1.00 
31.10 
0.20 
32.80 
5.10 
3.20 
7.40 
9.60 
0.30 
30.00 
1.40 
6.50 
5.00 
0.10 
1.00 
5.30 
0.90 
1.80 
1.80 
10.90 
1.10 
10.30 
1.20 
77.10 
0.40 
5.70 
1.90 
2.40 
14.40 
23.80 
15.40 
13.20 
6.60 
5.00 
1.10 
9.30 
11.30 
0.60 
0.30 
1.70 
10.20 
0.70 
2.00 
0.80 
3.10 
5.90 
1.10 
8.80 
28.70 
9.20 
3.70 
4.00 
21.60 
12.40 
1.00 
1.20 
1.10 
1.70 
27.30 
4.00 
3.00 
7.70 
7.10 
2.40 
13.50 
6.00 
1.80 
20.80 
6.60 
8.30 
1.30 
3.90 
13.90 
1.30 
2.70 
0.50 
1.70 
2.90 
0.90 
12.80 
2.30 
0.80 
29.30 
8.50 
1.00 
1.80 
5.10 
8.40 
2.00 
12.50 
0.40 
3.90 
3.40 
0.70 
9.70 
4.30 
5.60 
13.00 
Average Area: 7.92