Diameters from Day8
0.78 
0.81 
0.69 
0.11 
0.42 
0.28 
0.42 
1.38 
0.34 
0.91 
0.48 
0.42 
0.16 
0.74 
1.09 
0.73 
1.32 
1.05 
1.45 
0.55 
0.54 
0.83 
0.34 
0.42 
0.68 
0.36 
0.94 
0.78 
0.58 
0.96 
0.61 
1.05 
0.50 
1.13 
1.09 
1.22 
0.39 
1.26 
1.46 
0.52 
0.86 
0.39 
0.89 
0.97 
0.79 
0.54 
1.55 
0.50 
0.97 
1.16 
0.48 
1.02 
0.74 
0.42 
0.88 
0.69 
1.84 
0.65 
0.85 
0.90 
0.60 
0.39 
1.15 
0.60 
0.65 
1.52 
1.51 
0.96 
0.72 
1.13 
0.52 
0.61 
0.74 
0.47 
0.83 
0.87 
0.69 
1.05 
0.87 
0.28 
0.72 
1.27 
1.00 
0.39 
1.12 
1.06 
0.75 
0.75 
0.97 
1.69 
0.85 
0.23 
0.67 
0.85 
0.30 
0.37 
0.23 
0.30 
0.34 
0.77 
0.52 
0.71 
1.11 
0.96 
0.39 
1.04 
0.75 
0.72 
1.79 
0.93 
0.60 
0.64 
0.70 
0.39 
1.17 
1.26 
0.94 
1.20 
0.64 
0.88 
1.78 
0.48 
1.06 
0.42 
0.42 
0.96 
0.32 
1.69 
0.92 
1.40 
1.71 
0.28 
0.34 
1.12 
0.34 
1.30 
0.59 
0.30 
1.31 
0.86 
0.34 
1.39 
0.78 
1.20 
1.31 
2.59 
1.26 
0.61 
1.15 
0.71 
1.02 
0.39 
1.58 
0.98 
1.69 
0.99 
0.90 
0.41 
0.52 
2.21 
0.70 
1.16 
0.56 
0.68 
2.16 
1.25 
0.91 
1.19 
1.41 
1.45 
0.79 
0.71 
1.27 
0.16 
0.20 
0.92 
2.57 
1.23 
0.34 
0.36 
0.77 
0.28 
0.41 
0.20 
0.61 
0.23 
0.37 
0.11 
0.34 
0.16 
1.43 
1.56 
0.11 
2.01 
1.14 
2.33 
1.45 
0.30 
1.46 
0.20 
0.28 
0.34 
1.00 
1.16 
0.48 
0.30 
1.16 
0.62 
0.58 
0.30 
0.36 
0.74 
0.79 
1.84 
0.53 
0.37 
0.81 
1.09 
1.51 
0.79 
0.23 
0.39 
1.68 
0.53 
1.73 
0.32 
0.11 
0.11 
2.30 
0.62 
1.94 
0.70 
1.58 
1.13 
0.37 
0.42 
0.11 
0.81 
1.35 
1.57 
0.42 
0.73 
1.67 
0.16 
1.71 
1.11 
0.28 
0.71 
0.45 
2.19 
0.77 
0.63 
0.77 
0.70 
0.83 
1.27 
1.48 
1.03 
1.43 
1.34 
0.71 
2.18 
2.30 
1.14 
3.40 
0.41 
0.53 
0.41 
0.88 
0.32 
0.56 
1.08 
1.03 
1.15 
0.98 
1.27 
0.25 
0.42 
0.89 
0.71 
1.65 
0.55 
1.11 
0.61 
0.55 
1.53 
0.76 
1.01 
0.23 
0.65 
0.92 
1.19 
1.90 
0.20 
0.58 
0.32 
0.23 
0.93 
1.09 
0.28 
1.59 
0.71 
1.18 
1.16 
0.55 
0.62 
0.72 
0.66 
0.42 
1.69 
1.44 
0.36 
1.99 
0.16 
2.04 
0.81 
0.64 
0.97 
1.11 
0.20 
1.95 
0.42 
0.91 
0.80 
0.11 
0.36 
0.82 
0.34 
0.48 
0.48 
1.18 
0.37 
1.15 
0.39 
3.13 
0.23 
0.85 
0.49 
0.55 
1.35 
1.74 
1.40 
1.30 
0.92 
0.80 
0.37 
1.09 
1.20 
0.28 
0.20 
0.47 
1.14 
0.30 
0.50 
0.32 
0.63 
0.87 
0.37 
1.06 
1.91 
1.08 
0.69 
0.71 
1.66 
1.26 
0.36 
0.39 
0.37 
0.47 
1.86 
0.71 
0.62 
0.99 
0.95 
0.55 
1.31 
0.87 
0.48 
1.63 
0.92 
1.03 
0.41 
0.70 
1.33 
0.41 
0.59 
0.25 
0.47 
0.61 
0.34 
1.28 
0.54 
0.32 
1.93 
1.04 
0.36 
0.48 
0.81 
1.03 
0.50 
1.26 
0.23 
0.70 
0.66 
0.30 
1.11 
0.74 
0.84 
1.29 
Average Diameter: 0.86