Areas from Day12
5.30 
2.20 
3.50 
1.60 
8.50 
5.60 
13.50 
8.70 
4.80 
14.60 
9.40 
2.30 
2.80 
3.00 
2.90 
1.00 
7.90 
1.60 
1.60 
3.40 
12.30 
5.40 
6.50 
60.50 
0.20 
0.10 
1.00 
7.30 
0.50 
2.10 
0.60 
5.60 
27.10 
42.10 
0.70 
2.30 
3.30 
14.10 
2.30 
1.80 
6.20 
0.30 
6.80 
2.70 
12.90 
1.90 
18.20 
2.00 
4.00 
34.90 
0.20 
1.80 
79.90 
0.60 
1.20 
0.10 
13.00 
3.00 
0.20 
7.30 
6.30 
0.80 
2.80 
20.00 
2.30 
20.00 
3.70 
1.40 
0.40 
6.40 
0.30 
14.80 
1.10 
0.50 
1.50 
23.30 
14.10 
4.60 
0.30 
2.20 
10.40 
24.80 
0.40 
1.60 
1.80 
2.10 
2.50 
19.60 
29.20 
18.70 
24.80 
32.50 
0.20 
7.50 
3.50 
8.00 
0.10 
0.70 
7.50 
0.50 
2.10 
8.00 
7.30 
22.10 
374.40 
1.50 
0.40 
0.40 
10.00 
0.10 
6.20 
2.10 
0.70 
4.30 
4.40 
0.50 
6.10 
2.60 
0.40 
0.20 
6.40 
6.30 
9.80 
21.90 
1.80 
6.20 
8.20 
14.60 
12.00 
0.90 
6.60 
0.20 
2.00 
4.90 
14.40 
45.60 
0.70 
6.20 
4.20 
1.70 
2.40 
3.70 
8.50 
0.10 
1.20 
1.00 
1.20 
6.50 
17.30 
81.60 
4.20 
0.10 
0.70 
1.10 
2.90 
9.10 
0.30 
3.00 
9.60 
27.20 
4.70 
61.30 
5.10 
0.10 
0.90 
2.40 
8.30 
8.60 
0.30 
3.80 
3.90 
5.50 
2.50 
0.90 
2.70 
5.20 
34.00 
4.10 
0.60 
29.90 
32.70 
1.60 
7.10 
1.50 
0.10 
1.00 
5.60 
3.00 
1.30 
57.60 
0.40 
5.80 
3.40 
5.20 
5.40 
0.60 
23.70 
6.40 
0.30 
10.90 
3.70 
8.40 
45.90 
1.90 
35.40 
3.20 
0.20 
0.20 
4.40 
5.80 
0.70 
1.50 
1.90 
135.70 
1.80 
0.10 
4.60 
23.80 
0.40 
1.30 
6.60 
0.20 
8.30 
3.60 
9.90 
2.10 
14.80 
2.10 
1.80 
9.60 
56.50 
8.50 
34.00 
6.40 
5.70 
0.70 
1.40 
0.50 
0.20 
29.50 
12.80 
5.50 
0.50 
12.80 
7.30 
1.30 
3.30 
30.80 
3.00 
10.60 
3.00 
7.50 
21.60 
1.60 
7.40 
0.60 
4.90 
13.70 
16.50 
0.30 
3.40 
14.20 
7.60 
1.00 
4.30 
3.20 
5.50 
5.50 
6.10 
2.80 
0.80 
1.20 
0.20 
0.50 
4.90 
5.60 
3.20 
5.40 
11.60 
7.60 
8.50 
9.60 
4.20 
5.70 
2.70 
0.40 
5.00 
1.50 
2.60 
10.50 
3.50 
1.20 
20.60 
0.60 
2.60 
2.90 
0.20 
0.90 
16.00 
1.50 
0.70 
4.90 
14.50 
6.50 
0.50 
1.20 
1.40 
7.20 
73.20 
2.40 
3.00 
1.70 
0.10 
0.40 
1.20 
16.20 
0.20 
4.00 
3.60 
4.40 
15.80 
2.40 
3.50 
2.20 
12.80 
0.90 
4.90 
2.60 
2.20 
1.90 
0.10 
10.10 
7.40 
7.80 
0.50 
1.50 
0.90 
2.10 
1.10 
2.10 
0.40 
21.70 
3.00 
9.20 
5.50 
9.40 
0.60 
6.60 
2.10 
21.30 
3.80 
0.20 
6.70 
4.10 
0.90 
15.80 
5.40 
0.90 
4.00 
6.60 
0.90 
22.50 
0.80 
2.10 
2.80 
4.40 
0.80 
1.20 
0.10 
16.60 
1.80 
1.60 
5.40 
2.20 
6.10 
1.60 
20.10 
12.50 
1.60 
4.00 
3.20 
0.90 
11.70 
2.50 
1.40 
0.20 
7.80 
0.40 
0.20 
1.40 
1.50 
0.80 
0.20 
0.20 
2.80 
0.20 
7.10 
5.10 
0.30 
2.30 
2.00 
0.10 
0.40 
0.20 
3.00 
0.70 
1.10 
2.60 
2.50 
1.50 
1.50 
3.30 
0.20 
1.70 
26.80 
1.50 
4.20 
12.20 
2.80 
6.90 
0.20 
31.90 
1.10 
7.80 
6.20 
0.80 
3.90 
0.30 
0.40 
0.60 
2.90 
2.40 
0.20 
5.40 
14.60 
0.10 
2.40 
1.80 
2.40 
1.50 
1.30 
37.90 
1.60 
2.10 
3.60 
6.30 
0.50 
5.20 
4.20 
3.10 
4.30 
11.20 
4.70 
2.40 
6.60 
1.10 
10.50 
4.50 
6.20 
0.50 
1.50 
1.50 
2.40 
0.50 
0.40 
3.50 
12.70 
1.50 
1.10 
3.70 
5.40 
4.80 
12.00 
5.00 
1.00 
3.30 
1.20 
3.70 
2.50 
5.00 
2.40 
0.10 
6.70 
0.80 
2.80 
0.30 
11.00 
3.30 
2.70 
2.40 
0.20 
22.00 
3.70 
0.80 
6.90 
8.70 
2.70 
11.60 
0.80 
0.60 
8.70 
0.60 
2.50 
0.40 
0.70 
2.30 
1.00 
1.30 
0.10 
0.20 
1.90 
4.00 
4.70 
1.70 
1.00 
1.20 
1.40 
6.10 
2.50 
6.50 
8.20 
1.30 
41.70 
2.20 
0.30 
8.60 
3.70 
7.70 
1.80 
18.30 
1.90 
0.60 
0.20 
1.30 
2.20 
16.50 
1.20 
2.50 
1.40 
7.30 
11.60 
9.00 
3.60 
11.20 
2.30 
2.10 
0.90 
6.40 
1.20 
2.30 
12.90 
3.90 
9.30 
3.20 
3.80 
0.40 
0.50 
11.70 
31.60 
0.40 
1.50 
1.10 
8.50 
3.50 
3.80 
1.40 
0.60 
9.10 
4.10 
2.10 
10.20 
10.60 
1.80 
1.50 
0.90 
0.10 
0.60 
0.40 
4.00 
1.20 
16.80 
0.30 
5.30 
0.80 
7.20 
2.90 
3.40 
0.10 
2.90 
5.20 
0.10 
1.20 
8.00 
0.90 
1.30 
5.30 
1.80 
13.80 
0.60 
2.70 
1.50 
6.00 
0.40 
4.90 
2.50 
2.30 
2.30 
25.50 
0.10 
2.30 
2.50 
0.40 
0.10 
0.40 
0.30 
15.60 
1.00 
3.90 
5.40 
0.60 
1.30 
3.30 
0.20 
0.30 
4.30 
11.30 
0.10 
1.30 
5.60 
0.60 
0.60 
4.80 
3.80 
0.20 
21.00 
1.70 
3.70 
2.60 
4.40 
0.60 
4.90 
1.90 
2.60 
2.80 
2.10 
1.70 
10.70 
0.50 
2.80 
1.60 
11.00 
3.50 
0.30 
0.60 
3.20 
3.70 
1.30 
11.10 
2.10 
1.60 
0.30 
0.10 
1.10 
4.80 
2.20 
1.70 
1.50 
3.00 
0.20 
0.60 
0.40 
1.00 
19.20 
9.20 
0.30 
1.50 
0.90 
31.60 
0.20 
1.40 
4.40 
0.90 
3.10 
1.60 
0.50 
8.30 
24.20 
1.50 
4.90 
5.90 
5.30 
4.80 
1.20 
4.80 
0.40 
1.90 
3.70 
18.70 
1.60 
1.00 
3.40 
3.50 
2.40 
1.10 
8.30 
22.40 
3.20 
5.60 
8.80 
3.60 
0.80 
5.80 
2.40 
0.50 
5.80 
21.00 
18.40 
12.30 
4.40 
0.80 
15.90 
4.00 
1.40 
4.00 
0.80 
1.90 
0.30 
2.30 
1.40 
2.90 
0.90 
4.50 
0.50 
1.90 
3.90 
1.70 
0.10 
5.20 
9.20 
5.10 
7.40 
1.70 
29.90 
4.10 
5.80 
27.30 
2.50 
13.90 
0.60 
5.20 
13.40 
11.20 
9.90 
2.80 
1.60 
14.60 
1.70 
1.50 
14.60 
2.20 
1.30 
2.50 
2.30 
0.20 
0.50 
1.00 
0.10 
4.10 
0.20 
27.40 
1.80 
16.20 
2.80 
0.10 
2.60 
6.70 
11.10 
0.40 
7.90 
2.10 
10.70 
1.70 
0.20 
7.00 
2.70 
0.60 
2.30 
0.20 
1.40 
6.20 
13.90 
0.70 
0.60 
2.80 
0.10 
3.00 
3.30 
1.50 
2.00 
1.90 
2.90 
2.70 
6.10 
0.70 
2.80 
9.40 
2.90 
0.20 
0.50 
0.40 
1.10 
2.50 
8.50 
1.20 
7.40 
0.80 
0.70 
0.90 
12.70 
0.10 
1.90 
3.50 
0.50 
0.20 
1.60 
4.10 
1.10 
0.30 
2.70 
1.00 
2.10 
4.10 
1.70 
1.20 
4.00 
0.90 
2.40 
28.30 
4.00 
2.40 
0.70 
3.60 
0.20 
6.40 
2.00 
2.90 
0.90 
3.70 
3.00 
0.60 
4.50 
0.10 
17.20 
1.20 
0.10 
2.00 
0.10 
8.50 
2.80 
4.80 
1.40 
2.30 
0.60 
3.40 
0.60 
0.80 
15.60 
2.10 
2.80 
0.40 
2.70 
8.30 
7.70 
2.90 
1.40 
3.80 
1.00 
5.00 
0.10 
1.30 
0.40 
28.50 
3.60 
4.40 
0.60 
5.50 
3.80 
0.20 
5.00 
3.30 
5.70 
0.30 
0.20 
9.50 
0.40 
7.20 
1.60 
1.60 
3.80 
1.60 
0.40 
9.50 
3.50 
1.30 
0.40 
0.40 
0.80 
7.60 
9.60 
30.60 
17.20 
1.50 
1.30 
1.00 
0.10 
2.70 
2.20 
0.20 
0.20 
0.80 
15.00 
10.20 
1.10 
2.00 
1.20 
12.60 
5.60 
20.50 
8.40 
5.70 
0.20 
3.00 
23.70 
0.90 
0.60 
2.50 
15.70 
0.60 
5.90 
3.30 
21.40 
29.50 
0.80 
2.00 
4.80 
19.10 
0.10 
23.80 
2.00 
1.40 
11.90 
0.30 
4.10 
1.00 
8.60 
0.40 
7.00 
18.20 
0.10 
4.40 
0.60 
8.00 
1.90 
7.50 
2.30 
51.90 
0.60 
1.90 
0.70 
1.40 
5.00 
12.50 
1.50 
0.50 
6.40 
4.10 
10.50 
3.50 
1.00 
1.30 
10.10 
1.20 
8.50 
2.70 
8.60 
12.70 
1.90 
4.30 
0.40 
10.90 
0.60 
5.40 
6.50 
9.30 
5.50 
4.50 
3.60 
2.50 
3.80 
4.00 
0.90 
0.10 
0.20 
0.30 
0.30 
Average Area: 6.12