Day12.txt Measurements
35.51 
14.74 
23.45 
10.72 
56.95 
37.52 
90.45 
58.29 
32.16 
97.82 
62.98 
15.41 
18.76 
20.10 
19.43 
6.70 
52.93 
10.72 
10.72 
22.78 
82.41 
36.18 
43.55 
405.35 
1.34 
0.67 
6.70 
48.91 
3.35 
14.07 
4.02 
37.52 
181.57 
282.07 
4.69 
15.41 
22.11 
94.47 
15.41 
12.06 
41.54 
2.01 
45.56 
18.09 
86.43 
12.73 
121.94 
13.40 
26.80 
233.83 
1.34 
12.06 
535.33 
4.02 
8.04 
0.67 
87.10 
20.10 
1.34 
48.91 
42.21 
5.36 
18.76 
134.00 
15.41 
134.00 
24.79 
9.38 
2.68 
42.88 
2.01 
99.16 
7.37 
3.35 
10.05 
156.11 
94.47 
30.82 
2.01 
14.74 
69.68 
166.16 
2.68 
10.72 
12.06 
14.07 
16.75 
131.32 
195.64 
125.29 
166.16 
217.75 
1.34 
50.25 
23.45 
53.60 
0.67 
4.69 
50.25 
3.35 
14.07 
53.60 
48.91 
148.07 
2508.48 
10.05 
2.68 
2.68 
67.00 
0.67 
41.54 
14.07 
4.69 
28.81 
29.48 
3.35 
40.87 
17.42 
2.68 
1.34 
42.88 
42.21 
65.66 
146.73 
12.06 
41.54 
54.94 
97.82 
80.40 
6.03 
44.22 
1.34 
13.40 
32.83 
96.48 
305.52 
4.69 
41.54 
28.14 
11.39 
16.08 
24.79 
56.95 
0.67 
8.04 
6.70 
8.04 
43.55 
115.91 
546.72 
28.14 
0.67 
4.69 
7.37 
19.43 
60.97 
2.01 
20.10 
64.32 
182.24 
31.49 
410.71 
34.17 
0.67 
6.03 
16.08 
55.61 
57.62 
2.01 
25.46 
26.13 
36.85 
16.75 
6.03 
18.09 
34.84 
227.80 
27.47 
4.02 
200.33 
219.09 
10.72 
47.57 
10.05 
0.67 
6.70 
37.52 
20.10 
8.71 
385.92 
2.68 
38.86 
22.78 
34.84 
36.18 
4.02 
158.79 
42.88 
2.01 
73.03 
24.79 
56.28 
307.53 
12.73 
237.18 
21.44 
1.34 
1.34 
29.48 
38.86 
4.69 
10.05 
12.73 
909.19 
12.06 
0.67 
30.82 
159.46 
2.68 
8.71 
44.22 
1.34 
55.61 
24.12 
66.33 
14.07 
99.16 
14.07 
12.06 
64.32 
378.55 
56.95 
227.80 
42.88 
38.19 
4.69 
9.38 
3.35 
1.34 
197.65 
85.76 
36.85 
3.35 
85.76 
48.91 
8.71 
22.11 
206.36 
20.10 
71.02 
20.10 
50.25 
144.72 
10.72 
49.58 
4.02 
32.83 
91.79 
110.55 
2.01 
22.78 
95.14 
50.92 
6.70 
28.81 
21.44 
36.85 
36.85 
40.87 
18.76 
5.36 
8.04 
1.34 
3.35 
32.83 
37.52 
21.44 
36.18 
77.72 
50.92 
56.95 
64.32 
28.14 
38.19 
18.09 
2.68 
33.50 
10.05 
17.42 
70.35 
23.45 
8.04 
138.02 
4.02 
17.42 
19.43 
1.34 
6.03 
107.20 
10.05 
4.69 
32.83 
97.15 
43.55 
3.35 
8.04 
9.38 
48.24 
490.44 
16.08 
20.10 
11.39 
0.67 
2.68 
8.04 
108.54 
1.34 
26.80 
24.12 
29.48 
105.86 
16.08 
23.45 
14.74 
85.76 
6.03 
32.83 
17.42 
14.74 
12.73 
0.67 
67.67 
49.58 
52.26 
3.35 
10.05 
6.03 
14.07 
7.37 
14.07 
2.68 
145.39 
20.10 
61.64 
36.85 
62.98 
4.02 
44.22 
14.07 
142.71 
25.46 
1.34 
44.89 
27.47 
6.03 
105.86 
36.18 
6.03 
26.80 
44.22 
6.03 
150.75 
5.36 
14.07 
18.76 
29.48 
5.36 
8.04 
0.67 
111.22 
12.06 
10.72 
36.18 
14.74 
40.87 
10.72 
134.67 
83.75 
10.72 
26.80 
21.44 
6.03 
78.39 
16.75 
9.38 
1.34 
52.26 
2.68 
1.34 
9.38 
10.05 
5.36 
1.34 
1.34 
18.76 
1.34 
47.57 
34.17 
2.01 
15.41 
13.40 
0.67 
2.68 
1.34 
20.10 
4.69 
7.37 
17.42 
16.75 
10.05 
10.05 
22.11 
1.34 
11.39 
179.56 
10.05 
28.14 
81.74 
18.76 
46.23 
1.34 
213.73 
7.37 
52.26 
41.54 
5.36 
26.13 
2.01 
2.68 
4.02 
19.43 
16.08 
1.34 
36.18 
97.82 
0.67 
16.08 
12.06 
16.08 
10.05 
8.71 
253.93 
10.72 
14.07 
24.12 
42.21 
3.35 
34.84 
28.14 
20.77 
28.81 
75.04 
31.49 
16.08 
44.22 
7.37 
70.35 
30.15 
41.54 
3.35 
10.05 
10.05 
16.08 
3.35 
2.68 
23.45 
85.09 
10.05 
7.37 
24.79 
36.18 
32.16 
80.40 
33.50 
6.70 
22.11 
8.04 
24.79 
16.75 
33.50 
16.08 
0.67 
44.89 
5.36 
18.76 
2.01 
73.70 
22.11 
18.09 
16.08 
1.34 
147.40 
24.79 
5.36 
46.23 
58.29 
18.09 
77.72 
5.36 
4.02 
58.29 
4.02 
16.75 
2.68 
4.69 
15.41 
6.70 
8.71 
0.67 
1.34 
12.73 
26.80 
31.49 
11.39 
6.70 
8.04 
9.38 
40.87 
16.75 
43.55 
54.94 
8.71 
279.39 
14.74 
2.01 
57.62 
24.79 
51.59 
12.06 
122.61 
12.73 
4.02 
1.34 
8.71 
14.74 
110.55 
8.04 
16.75 
9.38 
48.91 
77.72 
60.30 
24.12 
75.04 
15.41 
14.07 
6.03 
42.88 
8.04 
15.41 
86.43 
26.13 
62.31 
21.44 
25.46 
2.68 
3.35 
78.39 
211.72 
2.68 
10.05 
7.37 
56.95 
23.45 
25.46 
9.38 
4.02 
60.97 
27.47 
14.07 
68.34 
71.02 
12.06 
10.05 
6.03 
0.67 
4.02 
2.68 
26.80 
8.04 
112.56 
2.01 
35.51 
5.36 
48.24 
19.43 
22.78 
0.67 
19.43 
34.84 
0.67 
8.04 
53.60 
6.03 
8.71 
35.51 
12.06 
92.46 
4.02 
18.09 
10.05 
40.20 
2.68 
32.83 
16.75 
15.41 
15.41 
170.85 
0.67 
15.41 
16.75 
2.68 
0.67 
2.68 
2.01 
104.52 
6.70 
26.13 
36.18 
4.02 
8.71 
22.11 
1.34 
2.01 
28.81 
75.71 
0.67 
8.71 
37.52 
4.02 
4.02 
32.16 
25.46 
1.34 
140.70 
11.39 
24.79 
17.42 
29.48 
4.02 
32.83 
12.73 
17.42 
18.76 
14.07 
11.39 
71.69 
3.35 
18.76 
10.72 
73.70 
23.45 
2.01 
4.02 
21.44 
24.79 
8.71 
74.37 
14.07 
10.72 
2.01 
0.67 
7.37 
32.16 
14.74 
11.39 
10.05 
20.10 
1.34 
4.02 
2.68 
6.70 
128.64 
61.64 
2.01 
10.05 
6.03 
211.72 
1.34 
9.38 
29.48 
6.03 
20.77 
10.72 
3.35 
55.61 
162.14 
10.05 
32.83 
39.53 
35.51 
32.16 
8.04 
32.16 
2.68 
12.73 
24.79 
125.29 
10.72 
6.70 
22.78 
23.45 
16.08 
7.37 
55.61 
150.08 
21.44 
37.52 
58.96 
24.12 
5.36 
38.86 
16.08 
3.35 
38.86 
140.70 
123.28 
82.41 
29.48 
5.36 
106.53 
26.80 
9.38 
26.80 
5.36 
12.73 
2.01 
15.41 
9.38 
19.43 
6.03 
30.15 
3.35 
12.73 
26.13 
11.39 
0.67 
34.84 
61.64 
34.17 
49.58 
11.39 
200.33 
27.47 
38.86 
182.91 
16.75 
93.13 
4.02 
34.84 
89.78 
75.04 
66.33 
18.76 
10.72 
97.82 
11.39 
10.05 
97.82 
14.74 
8.71 
16.75 
15.41 
1.34 
3.35 
6.70 
0.67 
27.47 
1.34 
183.58 
12.06 
108.54 
18.76 
0.67 
17.42 
44.89 
74.37 
2.68 
52.93 
14.07 
71.69 
11.39 
1.34 
46.90 
18.09 
4.02 
15.41 
1.34 
9.38 
41.54 
93.13 
4.69 
4.02 
18.76 
0.67 
20.10 
22.11 
10.05 
13.40 
12.73 
19.43 
18.09 
40.87 
4.69 
18.76 
62.98 
19.43 
1.34 
3.35 
2.68 
7.37 
16.75 
56.95 
8.04 
49.58 
5.36 
4.69 
6.03 
85.09 
0.67 
12.73 
23.45 
3.35 
1.34 
10.72 
27.47 
7.37 
2.01 
18.09 
6.70 
14.07 
27.47 
11.39 
8.04 
26.80 
6.03 
16.08 
189.61 
26.80 
16.08 
4.69 
24.12 
1.34 
42.88 
13.40 
19.43 
6.03 
24.79 
20.10 
4.02 
30.15 
0.67 
115.24 
8.04 
0.67 
13.40 
0.67 
56.95 
18.76 
32.16 
9.38 
15.41 
4.02 
22.78 
4.02 
5.36 
104.52 
14.07 
18.76 
2.68 
18.09 
55.61 
51.59 
19.43 
9.38 
25.46 
6.70 
33.50 
0.67 
8.71 
2.68 
190.95 
24.12 
29.48 
4.02 
36.85 
25.46 
1.34 
33.50 
22.11 
38.19 
2.01 
1.34 
63.65 
2.68 
48.24 
10.72 
10.72 
25.46 
10.72 
2.68 
63.65 
23.45 
8.71 
2.68 
2.68 
5.36 
50.92 
64.32 
205.02 
115.24 
10.05 
8.71 
6.70 
0.67 
18.09 
14.74 
1.34 
1.34 
5.36 
100.50 
68.34 
7.37 
13.40 
8.04 
84.42 
37.52 
137.35 
56.28 
38.19 
1.34 
20.10 
158.79 
6.03 
4.02 
16.75 
105.19 
4.02 
39.53 
22.11 
143.38 
197.65 
5.36 
13.40 
32.16 
127.97 
0.67 
159.46 
13.40 
9.38 
79.73 
2.01 
27.47 
6.70 
57.62 
2.68 
46.90 
121.94 
0.67 
29.48 
4.02 
53.60 
12.73 
50.25 
15.41 
347.73 
4.02 
12.73 
4.69 
9.38 
33.50 
83.75 
10.05 
3.35 
42.88 
27.47 
70.35 
23.45 
6.70 
8.71 
67.67 
8.04 
56.95 
18.09 
57.62 
85.09 
12.73 
28.81 
2.68 
73.03 
4.02 
36.18 
43.55 
62.31 
36.85 
30.15 
24.12 
16.75 
25.46 
26.80 
6.03 
0.67 
1.34 
2.01 
2.01 
Average Area: 40.98