Diameters from Day12
0.82 
0.53 
0.67 
0.45 
1.04 
0.84 
1.31 
1.05 
0.78 
1.36 
1.09 
0.54 
0.60 
0.62 
0.61 
0.36 
1.00 
0.45 
0.45 
0.66 
1.25 
0.83 
0.91 
2.78 
0.16 
0.11 
0.36 
0.96 
0.25 
0.52 
0.28 
0.84 
1.86 
2.32 
0.30 
0.54 
0.65 
1.34 
0.54 
0.48 
0.89 
0.20 
0.93 
0.59 
1.28 
0.49 
1.52 
0.50 
0.71 
2.11 
0.16 
0.48 
3.19 
0.28 
0.39 
0.11 
1.29 
0.62 
0.16 
0.96 
0.90 
0.32 
0.60 
1.60 
0.54 
1.60 
0.69 
0.42 
0.23 
0.90 
0.20 
1.37 
0.37 
0.25 
0.44 
1.72 
1.34 
0.77 
0.20 
0.53 
1.15 
1.78 
0.23 
0.45 
0.48 
0.52 
0.56 
1.58 
1.93 
1.54 
1.78 
2.03 
0.16 
0.98 
0.67 
1.01 
0.11 
0.30 
0.98 
0.25 
0.52 
1.01 
0.96 
1.68 
6.90 
0.44 
0.23 
0.23 
1.13 
0.11 
0.89 
0.52 
0.30 
0.74 
0.75 
0.25 
0.88 
0.58 
0.23 
0.16 
0.90 
0.90 
1.12 
1.67 
0.48 
0.89 
1.02 
1.36 
1.24 
0.34 
0.92 
0.16 
0.50 
0.79 
1.35 
2.41 
0.30 
0.89 
0.73 
0.47 
0.55 
0.69 
1.04 
0.11 
0.39 
0.36 
0.39 
0.91 
1.48 
3.22 
0.73 
0.11 
0.30 
0.37 
0.61 
1.08 
0.20 
0.62 
1.11 
1.86 
0.77 
2.79 
0.81 
0.11 
0.34 
0.55 
1.03 
1.05 
0.20 
0.70 
0.70 
0.84 
0.56 
0.34 
0.59 
0.81 
2.08 
0.72 
0.28 
1.95 
2.04 
0.45 
0.95 
0.44 
0.11 
0.36 
0.84 
0.62 
0.41 
2.71 
0.23 
0.86 
0.66 
0.81 
0.83 
0.28 
1.74 
0.90 
0.20 
1.18 
0.69 
1.03 
2.42 
0.49 
2.12 
0.64 
0.16 
0.16 
0.75 
0.86 
0.30 
0.44 
0.49 
4.16 
0.48 
0.11 
0.77 
1.74 
0.23 
0.41 
0.92 
0.16 
1.03 
0.68 
1.12 
0.52 
1.37 
0.52 
0.48 
1.11 
2.68 
1.04 
2.08 
0.90 
0.85 
0.30 
0.42 
0.25 
0.16 
1.94 
1.28 
0.84 
0.25 
1.28 
0.96 
0.41 
0.65 
1.98 
0.62 
1.16 
0.62 
0.98 
1.66 
0.45 
0.97 
0.28 
0.79 
1.32 
1.45 
0.20 
0.66 
1.34 
0.98 
0.36 
0.74 
0.64 
0.84 
0.84 
0.88 
0.60 
0.32 
0.39 
0.16 
0.25 
0.79 
0.84 
0.64 
0.83 
1.22 
0.98 
1.04 
1.11 
0.73 
0.85 
0.59 
0.23 
0.80 
0.44 
0.58 
1.16 
0.67 
0.39 
1.62 
0.28 
0.58 
0.61 
0.16 
0.34 
1.43 
0.44 
0.30 
0.79 
1.36 
0.91 
0.25 
0.39 
0.42 
0.96 
3.05 
0.55 
0.62 
0.47 
0.11 
0.23 
0.39 
1.44 
0.16 
0.71 
0.68 
0.75 
1.42 
0.55 
0.67 
0.53 
1.28 
0.34 
0.79 
0.58 
0.53 
0.49 
0.11 
1.13 
0.97 
1.00 
0.25 
0.44 
0.34 
0.52 
0.37 
0.52 
0.23 
1.66 
0.62 
1.08 
0.84 
1.09 
0.28 
0.92 
0.52 
1.65 
0.70 
0.16 
0.92 
0.72 
0.34 
1.42 
0.83 
0.34 
0.71 
0.92 
0.34 
1.69 
0.32 
0.52 
0.60 
0.75 
0.32 
0.39 
0.11 
1.45 
0.48 
0.45 
0.83 
0.53 
0.88 
0.45 
1.60 
1.26 
0.45 
0.71 
0.64 
0.34 
1.22 
0.56 
0.42 
0.16 
1.00 
0.23 
0.16 
0.42 
0.44 
0.32 
0.16 
0.16 
0.60 
0.16 
0.95 
0.81 
0.20 
0.54 
0.50 
0.11 
0.23 
0.16 
0.62 
0.30 
0.37 
0.58 
0.56 
0.44 
0.44 
0.65 
0.16 
0.47 
1.85 
0.44 
0.73 
1.25 
0.60 
0.94 
0.16 
2.02 
0.37 
1.00 
0.89 
0.32 
0.70 
0.20 
0.23 
0.28 
0.61 
0.55 
0.16 
0.83 
1.36 
0.11 
0.55 
0.48 
0.55 
0.44 
0.41 
2.20 
0.45 
0.52 
0.68 
0.90 
0.25 
0.81 
0.73 
0.63 
0.74 
1.19 
0.77 
0.55 
0.92 
0.37 
1.16 
0.76 
0.89 
0.25 
0.44 
0.44 
0.55 
0.25 
0.23 
0.67 
1.27 
0.44 
0.37 
0.69 
0.83 
0.78 
1.24 
0.80 
0.36 
0.65 
0.39 
0.69 
0.56 
0.80 
0.55 
0.11 
0.92 
0.32 
0.60 
0.20 
1.18 
0.65 
0.59 
0.55 
0.16 
1.67 
0.69 
0.32 
0.94 
1.05 
0.59 
1.22 
0.32 
0.28 
1.05 
0.28 
0.56 
0.23 
0.30 
0.54 
0.36 
0.41 
0.11 
0.16 
0.49 
0.71 
0.77 
0.47 
0.36 
0.39 
0.42 
0.88 
0.56 
0.91 
1.02 
0.41 
2.30 
0.53 
0.20 
1.05 
0.69 
0.99 
0.48 
1.53 
0.49 
0.28 
0.16 
0.41 
0.53 
1.45 
0.39 
0.56 
0.42 
0.96 
1.22 
1.07 
0.68 
1.19 
0.54 
0.52 
0.34 
0.90 
0.39 
0.54 
1.28 
0.70 
1.09 
0.64 
0.70 
0.23 
0.25 
1.22 
2.01 
0.23 
0.44 
0.37 
1.04 
0.67 
0.70 
0.42 
0.28 
1.08 
0.72 
0.52 
1.14 
1.16 
0.48 
0.44 
0.34 
0.11 
0.28 
0.23 
0.71 
0.39 
1.46 
0.20 
0.82 
0.32 
0.96 
0.61 
0.66 
0.11 
0.61 
0.81 
0.11 
0.39 
1.01 
0.34 
0.41 
0.82 
0.48 
1.33 
0.28 
0.59 
0.44 
0.87 
0.23 
0.79 
0.56 
0.54 
0.54 
1.80 
0.11 
0.54 
0.56 
0.23 
0.11 
0.23 
0.20 
1.41 
0.36 
0.70 
0.83 
0.28 
0.41 
0.65 
0.16 
0.20 
0.74 
1.20 
0.11 
0.41 
0.84 
0.28 
0.28 
0.78 
0.70 
0.16 
1.64 
0.47 
0.69 
0.58 
0.75 
0.28 
0.79 
0.49 
0.58 
0.60 
0.52 
0.47 
1.17 
0.25 
0.60 
0.45 
1.18 
0.67 
0.20 
0.28 
0.64 
0.69 
0.41 
1.19 
0.52 
0.45 
0.20 
0.11 
0.37 
0.78 
0.53 
0.47 
0.44 
0.62 
0.16 
0.28 
0.23 
0.36 
1.56 
1.08 
0.20 
0.44 
0.34 
2.01 
0.16 
0.42 
0.75 
0.34 
0.63 
0.45 
0.25 
1.03 
1.76 
0.44 
0.79 
0.87 
0.82 
0.78 
0.39 
0.78 
0.23 
0.49 
0.69 
1.54 
0.45 
0.36 
0.66 
0.67 
0.55 
0.37 
1.03 
1.69 
0.64 
0.84 
1.06 
0.68 
0.32 
0.86 
0.55 
0.25 
0.86 
1.64 
1.53 
1.25 
0.75 
0.32 
1.42 
0.71 
0.42 
0.71 
0.32 
0.49 
0.20 
0.54 
0.42 
0.61 
0.34 
0.76 
0.25 
0.49 
0.70 
0.47 
0.11 
0.81 
1.08 
0.81 
0.97 
0.47 
1.95 
0.72 
0.86 
1.86 
0.56 
1.33 
0.28 
0.81 
1.31 
1.19 
1.12 
0.60 
0.45 
1.36 
0.47 
0.44 
1.36 
0.53 
0.41 
0.56 
0.54 
0.16 
0.25 
0.36 
0.11 
0.72 
0.16 
1.87 
0.48 
1.44 
0.60 
0.11 
0.58 
0.92 
1.19 
0.23 
1.00 
0.52 
1.17 
0.47 
0.16 
0.94 
0.59 
0.28 
0.54 
0.16 
0.42 
0.89 
1.33 
0.30 
0.28 
0.60 
0.11 
0.62 
0.65 
0.44 
0.50 
0.49 
0.61 
0.59 
0.88 
0.30 
0.60 
1.09 
0.61 
0.16 
0.25 
0.23 
0.37 
0.56 
1.04 
0.39 
0.97 
0.32 
0.30 
0.34 
1.27 
0.11 
0.49 
0.67 
0.25 
0.16 
0.45 
0.72 
0.37 
0.20 
0.59 
0.36 
0.52 
0.72 
0.47 
0.39 
0.71 
0.34 
0.55 
1.90 
0.71 
0.55 
0.30 
0.68 
0.16 
0.90 
0.50 
0.61 
0.34 
0.69 
0.62 
0.28 
0.76 
0.11 
1.48 
0.39 
0.11 
0.50 
0.11 
1.04 
0.60 
0.78 
0.42 
0.54 
0.28 
0.66 
0.28 
0.32 
1.41 
0.52 
0.60 
0.23 
0.59 
1.03 
0.99 
0.61 
0.42 
0.70 
0.36 
0.80 
0.11 
0.41 
0.23 
1.90 
0.68 
0.75 
0.28 
0.84 
0.70 
0.16 
0.80 
0.65 
0.85 
0.20 
0.16 
1.10 
0.23 
0.96 
0.45 
0.45 
0.70 
0.45 
0.23 
1.10 
0.67 
0.41 
0.23 
0.23 
0.32 
0.98 
1.11 
1.97 
1.48 
0.44 
0.41 
0.36 
0.11 
0.59 
0.53 
0.16 
0.16 
0.32 
1.38 
1.14 
0.37 
0.50 
0.39 
1.27 
0.84 
1.62 
1.03 
0.85 
0.16 
0.62 
1.74 
0.34 
0.28 
0.56 
1.41 
0.28 
0.87 
0.65 
1.65 
1.94 
0.32 
0.50 
0.78 
1.56 
0.11 
1.74 
0.50 
0.42 
1.23 
0.20 
0.72 
0.36 
1.05 
0.23 
0.94 
1.52 
0.11 
0.75 
0.28 
1.01 
0.49 
0.98 
0.54 
2.57 
0.28 
0.49 
0.30 
0.42 
0.80 
1.26 
0.44 
0.25 
0.90 
0.72 
1.16 
0.67 
0.36 
0.41 
1.13 
0.39 
1.04 
0.59 
1.05 
1.27 
0.49 
0.74 
0.23 
1.18 
0.28 
0.83 
0.91 
1.09 
0.84 
0.76 
0.68 
0.56 
0.70 
0.71 
0.34 
0.11 
0.16 
0.20 
0.20 
Average Diameter: 0.71