Areas from Day4
1.10 
2.90 
7.50 
1.70 
3.60 
2.70 
0.30 
1.40 
10.60 
4.50 
3.70 
0.10 
0.70 
8.90 
34.60 
2.60 
6.20 
0.50 
16.50 
3.40 
0.10 
7.90 
3.30 
54.40 
4.60 
8.60 
2.90 
3.10 
2.60 
0.60 
2.20 
0.20 
3.60 
3.50 
4.80 
2.40 
4.60 
0.60 
2.30 
3.60 
1.20 
4.30 
0.50 
1.20 
2.90 
0.40 
1.40 
2.50 
2.30 
0.30 
10.20 
5.70 
2.70 
2.10 
9.00 
18.90 
0.90 
5.80 
2.00 
0.80 
2.30 
4.90 
7.40 
0.60 
0.20 
4.80 
4.70 
7.70 
17.30 
10.30 
5.80 
3.90 
1.60 
2.50 
2.80 
3.00 
5.10 
6.10 
0.10 
0.10 
1.90 
3.60 
6.00 
17.00 
1.10 
0.30 
2.40 
10.30 
4.80 
10.40 
18.10 
15.00 
24.00 
2.30 
4.60 
1.30 
11.90 
1.60 
0.90 
0.80 
0.30 
3.00 
12.60 
1.70 
4.50 
4.80 
1.70 
4.80 
0.80 
0.60 
3.40 
2.80 
0.10 
8.30 
2.50 
4.80 
3.80 
8.50 
0.70 
4.70 
0.40 
9.90 
0.10 
3.40 
6.60 
2.10 
5.20 
33.50 
4.10 
0.90 
5.80 
0.70 
1.20 
4.60 
2.50 
1.70 
3.20 
2.90 
15.10 
20.30 
3.90 
5.20 
5.20 
1.80 
0.90 
0.30 
5.40 
14.40 
1.10 
1.60 
3.70 
5.10 
3.30 
21.00 
8.60 
1.10 
5.90 
3.90 
5.90 
14.90 
9.50 
1.40 
1.50 
6.00 
0.10 
1.60 
17.50 
2.90 
8.50 
2.90 
10.50 
1.10 
6.00 
3.60 
38.00 
2.40 
0.70 
3.10 
20.30 
0.60 
0.80 
2.70 
0.10 
7.50 
1.30 
0.10 
7.20 
1.60 
4.90 
0.80 
11.20 
3.10 
1.00 
15.60 
4.60 
1.00 
2.00 
0.80 
8.00 
5.00 
18.30 
19.20 
19.70 
0.80 
2.00 
10.30 
1.80 
2.50 
4.00 
4.00 
0.10 
36.90 
4.60 
3.70 
5.00 
1.40 
4.00 
6.30 
5.00 
6.60 
12.30 
4.30 
1.60 
1.30 
2.50 
1.80 
2.90 
8.80 
42.10 
0.90 
4.60 
9.60 
6.10 
11.80 
5.00 
8.10 
2.20 
8.40 
2.40 
4.40 
2.20 
4.60 
2.00 
0.10 
0.40 
1.80 
13.00 
9.10 
6.10 
8.80 
15.60 
17.70 
2.60 
2.70 
1.60 
6.90 
9.20 
17.10 
1.20 
18.10 
4.90 
0.40 
3.30 
8.40 
2.40 
0.10 
2.40 
4.10 
0.30 
25.10 
7.10 
0.10 
3.50 
4.40 
1.00 
13.00 
0.30 
0.20 
24.10 
54.70 
28.40 
8.50 
0.80 
25.80 
2.60 
1.60 
9.50 
1.20 
0.50 
1.00 
27.10 
9.20 
56.70 
2.90 
4.80 
4.40 
3.50 
16.90 
3.00 
1.40 
0.80 
9.30 
1.70 
1.70 
1.70 
2.80 
9.00 
11.80 
17.40 
3.80 
12.50 
0.30 
0.20 
34.30 
3.30 
28.50 
5.30 
0.60 
0.90 
3.60 
0.40 
5.70 
3.70 
0.10 
2.50 
1.90 
4.30 
2.40 
1.40 
3.10 
0.80 
3.40 
40.10 
0.90 
44.70 
4.90 
17.00 
12.10 
3.00 
6.00 
10.40 
3.10 
17.70 
8.50 
63.50 
6.50 
18.30 
0.20 
26.80 
1.60 
9.10 
12.30 
4.50 
5.10 
0.90 
1.20 
19.30 
0.50 
0.20 
3.00 
2.30 
45.60 
6.00 
0.20 
17.90 
10.40 
1.60 
11.10 
6.80 
2.20 
8.90 
6.10 
2.90 
2.80 
21.10 
1.30 
3.00 
59.70 
1.40 
8.20 
0.20 
26.80 
9.40 
25.10 
4.50 
0.40 
2.60 
4.10 
21.50 
5.70 
0.30 
7.30 
8.60 
0.10 
8.20 
0.90 
0.70 
0.20 
0.60 
14.40 
1.50 
6.60 
5.70 
38.70 
2.30 
10.00 
3.80 
12.10 
17.60 
0.10 
1.00 
4.00 
0.50 
6.70 
4.60 
13.30 
27.70 
3.20 
21.50 
7.00 
6.40 
3.50 
0.20 
7.10 
0.80 
7.00 
15.20 
2.40 
17.40 
3.70 
23.30 
5.30 
11.70 
0.90 
6.90 
12.60 
11.80 
71.70 
2.70 
24.10 
7.20 
6.60 
3.10 
1.40 
0.60 
11.90 
0.90 
60.00 
8.60 
0.80 
10.40 
1.40 
1.40 
4.70 
2.10 
0.10 
2.30 
61.30 
3.90 
10.10 
0.20 
0.60 
0.60 
14.40 
3.90 
9.90 
4.50 
14.60 
0.50 
0.40 
9.90 
3.10 
0.90 
2.00 
3.70 
4.50 
4.70 
4.10 
14.00 
5.20 
118.90 
2.30 
4.10 
2.30 
1.40 
3.60 
17.20 
27.40 
6.00 
7.10 
2.80 
5.60 
5.10 
3.90 
37.40 
2.80 
1.20 
2.70 
0.20 
2.10 
1.00 
0.10 
10.80 
6.00 
0.90 
2.90 
6.10 
5.50 
87.50 
9.50 
8.90 
10.80 
1.60 
3.50 
6.70 
7.80 
8.30 
1.40 
3.90 
2.20 
28.00 
15.00 
1.70 
5.20 
0.40 
0.10 
1.30 
1.70 
1.20 
0.60 
4.00 
1.10 
6.20 
10.80 
4.00 
7.20 
5.90 
2.00 
0.70 
0.30 
6.70 
3.30 
9.50 
85.80 
12.50 
3.70 
7.70 
2.50 
1.10 
2.00 
0.10 
5.80 
0.70 
0.30 
32.30 
1.30 
0.20 
2.40 
0.80 
14.10 
110.00 
4.80 
10.20 
8.20 
11.70 
0.30 
10.20 
2.40 
7.60 
3.10 
14.90 
2.60 
4.80 
5.00 
0.40 
Average Area: 7.66