Diameters from Day4
0.37 
0.61 
0.98 
0.47 
0.68 
0.59 
0.20 
0.42 
1.16 
0.76 
0.69 
0.11 
0.30 
1.06 
2.10 
0.58 
0.89 
0.25 
1.45 
0.66 
0.11 
1.00 
0.65 
2.63 
0.77 
1.05 
0.61 
0.63 
0.58 
0.28 
0.53 
0.16 
0.68 
0.67 
0.78 
0.55 
0.77 
0.28 
0.54 
0.68 
0.39 
0.74 
0.25 
0.39 
0.61 
0.23 
0.42 
0.56 
0.54 
0.20 
1.14 
0.85 
0.59 
0.52 
1.07 
1.55 
0.34 
0.86 
0.50 
0.32 
0.54 
0.79 
0.97 
0.28 
0.16 
0.78 
0.77 
0.99 
1.48 
1.15 
0.86 
0.70 
0.45 
0.56 
0.60 
0.62 
0.81 
0.88 
0.11 
0.11 
0.49 
0.68 
0.87 
1.47 
0.37 
0.20 
0.55 
1.15 
0.78 
1.15 
1.52 
1.38 
1.75 
0.54 
0.77 
0.41 
1.23 
0.45 
0.34 
0.32 
0.20 
0.62 
1.27 
0.47 
0.76 
0.78 
0.47 
0.78 
0.32 
0.28 
0.66 
0.60 
0.11 
1.03 
0.56 
0.78 
0.70 
1.04 
0.30 
0.77 
0.23 
1.12 
0.11 
0.66 
0.92 
0.52 
0.81 
2.07 
0.72 
0.34 
0.86 
0.30 
0.39 
0.77 
0.56 
0.47 
0.64 
0.61 
1.39 
1.61 
0.70 
0.81 
0.81 
0.48 
0.34 
0.20 
0.83 
1.35 
0.37 
0.45 
0.69 
0.81 
0.65 
1.64 
1.05 
0.37 
0.87 
0.70 
0.87 
1.38 
1.10 
0.42 
0.44 
0.87 
0.11 
0.45 
1.49 
0.61 
1.04 
0.61 
1.16 
0.37 
0.87 
0.68 
2.20 
0.55 
0.30 
0.63 
1.61 
0.28 
0.32 
0.59 
0.11 
0.98 
0.41 
0.11 
0.96 
0.45 
0.79 
0.32 
1.19 
0.63 
0.36 
1.41 
0.77 
0.36 
0.50 
0.32 
1.01 
0.80 
1.53 
1.56 
1.58 
0.32 
0.50 
1.15 
0.48 
0.56 
0.71 
0.71 
0.11 
2.17 
0.77 
0.69 
0.80 
0.42 
0.71 
0.90 
0.80 
0.92 
1.25 
0.74 
0.45 
0.41 
0.56 
0.48 
0.61 
1.06 
2.32 
0.34 
0.77 
1.11 
0.88 
1.23 
0.80 
1.02 
0.53 
1.03 
0.55 
0.75 
0.53 
0.77 
0.50 
0.11 
0.23 
0.48 
1.29 
1.08 
0.88 
1.06 
1.41 
1.50 
0.58 
0.59 
0.45 
0.94 
1.08 
1.48 
0.39 
1.52 
0.79 
0.23 
0.65 
1.03 
0.55 
0.11 
0.55 
0.72 
0.20 
1.79 
0.95 
0.11 
0.67 
0.75 
0.36 
1.29 
0.20 
0.16 
1.75 
2.64 
1.90 
1.04 
0.32 
1.81 
0.58 
0.45 
1.10 
0.39 
0.25 
0.36 
1.86 
1.08 
2.69 
0.61 
0.78 
0.75 
0.67 
1.47 
0.62 
0.42 
0.32 
1.09 
0.47 
0.47 
0.47 
0.60 
1.07 
1.23 
1.49 
0.70 
1.26 
0.20 
0.16 
2.09 
0.65 
1.90 
0.82 
0.28 
0.34 
0.68 
0.23 
0.85 
0.69 
0.11 
0.56 
0.49 
0.74 
0.55 
0.42 
0.63 
0.32 
0.66 
2.26 
0.34 
2.39 
0.79 
1.47 
1.24 
0.62 
0.87 
1.15 
0.63 
1.50 
1.04 
2.84 
0.91 
1.53 
0.16 
1.85 
0.45 
1.08 
1.25 
0.76 
0.81 
0.34 
0.39 
1.57 
0.25 
0.16 
0.62 
0.54 
2.41 
0.87 
0.16 
1.51 
1.15 
0.45 
1.19 
0.93 
0.53 
1.06 
0.88 
0.61 
0.60 
1.64 
0.41 
0.62 
2.76 
0.42 
1.02 
0.16 
1.85 
1.09 
1.79 
0.76 
0.23 
0.58 
0.72 
1.65 
0.85 
0.20 
0.96 
1.05 
0.11 
1.02 
0.34 
0.30 
0.16 
0.28 
1.35 
0.44 
0.92 
0.85 
2.22 
0.54 
1.13 
0.70 
1.24 
1.50 
0.11 
0.36 
0.71 
0.25 
0.92 
0.77 
1.30 
1.88 
0.64 
1.65 
0.94 
0.90 
0.67 
0.16 
0.95 
0.32 
0.94 
1.39 
0.55 
1.49 
0.69 
1.72 
0.82 
1.22 
0.34 
0.94 
1.27 
1.23 
3.02 
0.59 
1.75 
0.96 
0.92 
0.63 
0.42 
0.28 
1.23 
0.34 
2.76 
1.05 
0.32 
1.15 
0.42 
0.42 
0.77 
0.52 
0.11 
0.54 
2.79 
0.70 
1.13 
0.16 
0.28 
0.28 
1.35 
0.70 
1.12 
0.76 
1.36 
0.25 
0.23 
1.12 
0.63 
0.34 
0.50 
0.69 
0.76 
0.77 
0.72 
1.34 
0.81 
3.89 
0.54 
0.72 
0.54 
0.42 
0.68 
1.48 
1.87 
0.87 
0.95 
0.60 
0.84 
0.81 
0.70 
2.18 
0.60 
0.39 
0.59 
0.16 
0.52 
0.36 
0.11 
1.17 
0.87 
0.34 
0.61 
0.88 
0.84 
3.34 
1.10 
1.06 
1.17 
0.45 
0.67 
0.92 
1.00 
1.03 
0.42 
0.70 
0.53 
1.89 
1.38 
0.47 
0.81 
0.23 
0.11 
0.41 
0.47 
0.39 
0.28 
0.71 
0.37 
0.89 
1.17 
0.71 
0.96 
0.87 
0.50 
0.30 
0.20 
0.92 
0.65 
1.10 
3.31 
1.26 
0.69 
0.99 
0.56 
0.37 
0.50 
0.11 
0.86 
0.30 
0.20 
2.03 
0.41 
0.16 
0.55 
0.32 
1.34 
3.74 
0.78 
1.14 
1.02 
1.22 
0.20 
1.14 
0.55 
0.98 
0.63 
1.38 
0.58 
0.78 
0.80 
0.23 
Average Diameter: 0.81