Areas from Day0
1.10 
4.50 
3.00 
0.50 
8.80 
10.60 
0.30 
1.40 
4.90 
9.40 
13.60 
27.90 
2.80 
5.50 
10.70 
2.70 
1.70 
5.20 
0.10 
0.50 
2.70 
0.90 
5.00 
4.40 
0.50 
0.20 
6.70 
1.80 
3.30 
6.10 
4.10 
0.40 
0.30 
0.20 
6.80 
9.00 
0.60 
2.40 
6.30 
1.50 
3.90 
5.60 
12.40 
11.40 
1.60 
6.90 
9.00 
8.10 
3.60 
1.30 
0.80 
4.50 
4.10 
3.00 
0.50 
0.40 
2.70 
9.90 
1.40 
1.60 
1.00 
2.00 
3.50 
3.00 
1.10 
2.10 
11.50 
16.10 
1.70 
8.30 
2.60 
0.80 
1.10 
1.20 
20.80 
0.60 
6.50 
4.60 
5.00 
1.20 
2.60 
0.30 
0.60 
13.10 
1.00 
1.00 
1.90 
0.50 
5.30 
1.40 
1.50 
14.30 
0.20 
0.10 
25.40 
0.20 
15.00 
1.80 
1.20 
1.00 
23.70 
1.10 
9.40 
1.40 
15.10 
0.10 
9.90 
0.10 
0.20 
20.90 
1.30 
0.30 
1.60 
0.30 
6.60 
27.80 
1.40 
0.20 
1.40 
9.70 
12.70 
11.30 
12.40 
4.20 
6.10 
0.40 
0.60 
7.70 
1.60 
3.10 
11.90 
3.00 
18.80 
7.00 
19.20 
12.80 
9.60 
34.00 
3.60 
43.40 
0.80 
0.10 
0.20 
21.60 
3.70 
0.50 
5.30 
0.90 
1.10 
0.60 
4.60 
0.60 
1.00 
0.70 
4.80 
0.50 
8.70 
1.10 
6.10 
9.80 
5.50 
2.20 
4.50 
17.40 
0.10 
3.60 
3.20 
0.10 
4.20 
1.40 
3.20 
3.40 
7.00 
0.50 
8.70 
1.80 
2.00 
3.40 
4.50 
10.40 
0.80 
6.00 
1.50 
10.10 
2.70 
2.30 
5.80 
6.80 
4.90 
8.10 
5.50 
2.00 
4.50 
0.10 
7.20 
0.90 
2.20 
0.90 
4.00 
0.10 
1.10 
9.50 
0.10 
3.40 
4.90 
14.50 
4.90 
3.30 
25.60 
4.20 
7.20 
2.00 
0.70 
1.70 
8.80 
0.50 
3.20 
2.00 
9.90 
2.90 
6.20 
3.60 
22.20 
72.40 
1.80 
18.80 
2.10 
1.20 
3.90 
1.80 
4.30 
3.50 
5.60 
0.20 
5.10 
0.90 
9.20 
11.30 
0.90 
14.40 
1.90 
4.80 
7.10 
3.60 
2.00 
0.70 
2.70 
8.90 
13.70 
2.20 
1.10 
0.10 
12.10 
1.00 
0.20 
0.80 
4.80 
8.10 
17.40 
6.50 
1.30 
9.60 
72.00 
25.90 
6.10 
0.40 
19.00 
1.80 
8.30 
4.50 
3.60 
0.20 
19.70 
2.80 
3.60 
6.30 
2.90 
0.50 
0.50 
1.90 
4.80 
2.50 
1.50 
2.00 
16.90 
0.70 
0.50 
37.50 
11.30 
1.60 
3.50 
10.60 
2.90 
19.60 
12.30 
19.50 
47.70 
2.30 
0.40 
1.10 
0.60 
1.50 
5.80 
1.70 
1.00 
13.70 
6.60 
21.90 
0.10 
1.40 
8.40 
11.60 
16.70 
24.00 
10.70 
21.80 
9.50 
38.40 
4.80 
0.10 
5.00 
0.60 
0.60 
3.80 
8.90 
9.20 
8.60 
8.00 
4.60 
2.90 
9.70 
0.90 
2.30 
9.00 
0.20 
1.40 
16.80 
1.10 
22.50 
17.40 
1.80 
2.40 
0.30 
0.30 
5.60 
10.00 
13.10 
12.30 
6.90 
5.90 
0.60 
0.20 
1.30 
8.00 
36.90 
8.80 
9.40 
1.30 
0.70 
0.10 
0.20 
0.10 
4.10 
2.30 
8.40 
0.30 
2.60 
10.30 
7.30 
5.90 
7.50 
13.10 
2.10 
25.10 
8.50 
8.80 
0.10 
3.60 
24.90 
1.90 
0.60 
9.80 
24.00 
7.00 
0.10 
0.10 
10.60 
10.90 
2.90 
4.40 
8.50 
17.00 
17.80 
39.80 
7.20 
0.90 
5.20 
0.60 
16.00 
1.20 
3.80 
0.20 
0.10 
14.70 
0.70 
23.80 
0.90 
4.40 
0.70 
0.30 
3.90 
2.70 
36.50 
7.00 
6.70 
0.30 
0.10 
46.00 
0.30 
0.50 
14.70 
0.20 
2.30 
18.20 
3.60 
18.80 
3.90 
0.60 
15.50 
13.80 
1.80 
10.40 
2.90 
0.30 
18.30 
0.60 
0.30 
0.10 
4.30 
0.20 
59.10 
22.90 
0.10 
8.90 
6.80 
3.50 
14.30 
8.20 
4.10 
1.50 
0.20 
0.50 
1.10 
3.00 
1.60 
0.50 
0.70 
1.60 
16.50 
1.80 
7.80 
4.40 
6.10 
7.20 
15.90 
8.00 
6.00 
1.50 
1.10 
9.40 
3.90 
10.90 
3.50 
10.90 
2.70 
2.70 
8.60 
8.80 
0.70 
1.00 
12.60 
3.10 
2.60 
29.20 
0.10 
14.90 
12.50 
0.10 
3.00 
12.40 
0.10 
8.20 
0.30 
10.90 
3.70 
36.00 
6.60 
0.40 
1.10 
0.10 
28.10 
0.60 
1.20 
6.90 
25.20 
1.30 
5.60 
35.50 
0.60 
1.10 
9.90 
1.10 
7.40 
4.30 
2.90 
9.80 
0.30 
39.20 
2.90 
0.10 
2.90 
4.00 
3.10 
11.80 
8.80 
55.00 
11.00 
5.10 
7.90 
10.60 
1.80 
0.60 
0.10 
1.70 
0.30 
0.50 
9.60 
19.20 
19.40 
3.20 
3.70 
9.90 
14.80 
5.40 
0.20 
0.40 
20.70 
0.10 
1.00 
6.60 
30.60 
0.10 
0.10 
9.30 
1.40 
0.30 
2.90 
0.30 
0.10 
5.10 
4.90 
0.50 
10.50 
1.30 
3.60 
1.30 
14.00 
6.50 
0.50 
0.90 
0.20 
14.40 
2.30 
12.30 
23.20 
1.70 
3.80 
14.20 
7.80 
4.90 
7.00 
2.90 
0.20 
5.50 
14.50 
2.00 
2.10 
2.60 
13.50 
10.00 
3.20 
11.10 
27.70 
1.70 
17.10 
1.80 
0.20 
1.50 
2.00 
2.60 
10.00 
1.00 
1.90 
10.80 
1.40 
0.10 
12.90 
1.50 
8.20 
1.60 
0.10 
2.70 
13.70 
0.20 
0.10 
14.60 
2.30 
1.90 
0.30 
22.60 
15.20 
1.00 
15.90 
4.20 
1.00 
14.50 
11.60 
2.60 
2.60 
3.10 
0.20 
9.40 
0.20 
0.20 
1.50 
29.20 
10.50 
3.80 
2.00 
14.40 
17.20 
0.40 
0.10 
1.50 
4.10 
0.60 
0.10 
0.10 
3.70 
25.50 
10.20 
7.30 
0.10 
3.10 
6.50 
27.30 
0.40 
0.40 
0.20 
0.10 
23.40 
0.10 
3.20 
4.80 
1.10 
2.00 
0.20 
17.20 
3.40 
19.70 
2.60 
4.20 
4.40 
18.20 
8.50 
1.60 
2.40 
1.90 
25.40 
0.90 
4.30 
9.40 
22.20 
0.20 
6.80 
6.40 
6.90 
2.20 
19.80 
0.90 
20.50 
16.80 
1.90 
8.40 
6.50 
0.80 
0.10 
0.10 
0.60 
0.40 
1.30 
4.70 
0.50 
3.10 
39.70 
0.10 
0.20 
9.20 
11.40 
9.00 
10.90 
20.20 
21.60 
3.00 
0.40 
17.50 
14.60 
0.30 
0.10 
1.70 
2.80 
8.30 
5.30 
8.00 
16.30 
10.30 
0.70 
28.00 
1.00 
2.80 
0.80 
4.50 
1.40 
1.20 
1.70 
7.50 
34.50 
2.20 
10.70 
16.50 
12.30 
7.60 
8.10 
5.90 
19.50 
22.90 
4.80 
27.40 
8.10 
2.10 
2.40 
4.40 
7.00 
0.20 
3.00 
0.90 
0.10 
26.90 
5.70 
2.90 
3.00 
51.70 
0.30 
3.70 
6.00 
0.50 
1.30 
4.20 
0.20 
2.40 
1.00 
19.80 
3.40 
4.30 
5.00 
3.60 
0.10 
0.90 
6.60 
2.50 
3.80 
14.00 
19.00 
6.40 
8.50 
18.60 
1.90 
3.30 
16.90 
3.90 
1.00 
10.30 
1.70 
4.10 
5.40 
2.10 
0.40 
4.70 
9.10 
22.90 
14.80 
12.40 
17.60 
2.30 
6.40 
4.30 
0.20 
1.00 
8.30 
22.70 
2.90 
7.80 
13.80 
0.20 
1.50 
1.80 
23.30 
1.70 
11.70 
1.80 
0.70 
3.20 
10.50 
8.40 
0.10 
5.80 
7.10 
1.40 
2.20 
4.10 
13.40 
3.50 
1.00 
1.50 
1.30 
13.20 
15.30 
0.30 
0.80 
1.30 
6.60 
0.30 
2.60 
46.70 
5.70 
5.70 
0.30 
0.10 
22.80 
0.60 
11.20 
6.60 
12.80 
1.20 
11.20 
0.40 
12.50 
27.30 
12.40 
4.90 
1.00 
4.20 
7.30 
9.60 
1.10 
1.40 
Average Area: 6.88