Day0.txt Measurements
7.37 
30.15 
20.10 
3.35 
58.96 
71.02 
2.01 
9.38 
32.83 
62.98 
91.12 
186.93 
18.76 
36.85 
71.69 
18.09 
11.39 
34.84 
0.67 
3.35 
18.09 
6.03 
33.50 
29.48 
3.35 
1.34 
44.89 
12.06 
22.11 
40.87 
27.47 
2.68 
2.01 
1.34 
45.56 
60.30 
4.02 
16.08 
42.21 
10.05 
26.13 
37.52 
83.08 
76.38 
10.72 
46.23 
60.30 
54.27 
24.12 
8.71 
5.36 
30.15 
27.47 
20.10 
3.35 
2.68 
18.09 
66.33 
9.38 
10.72 
6.70 
13.40 
23.45 
20.10 
7.37 
14.07 
77.05 
107.87 
11.39 
55.61 
17.42 
5.36 
7.37 
8.04 
139.36 
4.02 
43.55 
30.82 
33.50 
8.04 
17.42 
2.01 
4.02 
87.77 
6.70 
6.70 
12.73 
3.35 
35.51 
9.38 
10.05 
95.81 
1.34 
0.67 
170.18 
1.34 
100.50 
12.06 
8.04 
6.70 
158.79 
7.37 
62.98 
9.38 
101.17 
0.67 
66.33 
0.67 
1.34 
140.03 
8.71 
2.01 
10.72 
2.01 
44.22 
186.26 
9.38 
1.34 
9.38 
64.99 
85.09 
75.71 
83.08 
28.14 
40.87 
2.68 
4.02 
51.59 
10.72 
20.77 
79.73 
20.10 
125.96 
46.90 
128.64 
85.76 
64.32 
227.80 
24.12 
290.78 
5.36 
0.67 
1.34 
144.72 
24.79 
3.35 
35.51 
6.03 
7.37 
4.02 
30.82 
4.02 
6.70 
4.69 
32.16 
3.35 
58.29 
7.37 
40.87 
65.66 
36.85 
14.74 
30.15 
116.58 
0.67 
24.12 
21.44 
0.67 
28.14 
9.38 
21.44 
22.78 
46.90 
3.35 
58.29 
12.06 
13.40 
22.78 
30.15 
69.68 
5.36 
40.20 
10.05 
67.67 
18.09 
15.41 
38.86 
45.56 
32.83 
54.27 
36.85 
13.40 
30.15 
0.67 
48.24 
6.03 
14.74 
6.03 
26.80 
0.67 
7.37 
63.65 
0.67 
22.78 
32.83 
97.15 
32.83 
22.11 
171.52 
28.14 
48.24 
13.40 
4.69 
11.39 
58.96 
3.35 
21.44 
13.40 
66.33 
19.43 
41.54 
24.12 
148.74 
485.08 
12.06 
125.96 
14.07 
8.04 
26.13 
12.06 
28.81 
23.45 
37.52 
1.34 
34.17 
6.03 
61.64 
75.71 
6.03 
96.48 
12.73 
32.16 
47.57 
24.12 
13.40 
4.69 
18.09 
59.63 
91.79 
14.74 
7.37 
0.67 
81.07 
6.70 
1.34 
5.36 
32.16 
54.27 
116.58 
43.55 
8.71 
64.32 
482.40 
173.53 
40.87 
2.68 
127.30 
12.06 
55.61 
30.15 
24.12 
1.34 
131.99 
18.76 
24.12 
42.21 
19.43 
3.35 
3.35 
12.73 
32.16 
16.75 
10.05 
13.40 
113.23 
4.69 
3.35 
251.25 
75.71 
10.72 
23.45 
71.02 
19.43 
131.32 
82.41 
130.65 
319.59 
15.41 
2.68 
7.37 
4.02 
10.05 
38.86 
11.39 
6.70 
91.79 
44.22 
146.73 
0.67 
9.38 
56.28 
77.72 
111.89 
160.80 
71.69 
146.06 
63.65 
257.28 
32.16 
0.67 
33.50 
4.02 
4.02 
25.46 
59.63 
61.64 
57.62 
53.60 
30.82 
19.43 
64.99 
6.03 
15.41 
60.30 
1.34 
9.38 
112.56 
7.37 
150.75 
116.58 
12.06 
16.08 
2.01 
2.01 
37.52 
67.00 
87.77 
82.41 
46.23 
39.53 
4.02 
1.34 
8.71 
53.60 
247.23 
58.96 
62.98 
8.71 
4.69 
0.67 
1.34 
0.67 
27.47 
15.41 
56.28 
2.01 
17.42 
69.01 
48.91 
39.53 
50.25 
87.77 
14.07 
168.17 
56.95 
58.96 
0.67 
24.12 
166.83 
12.73 
4.02 
65.66 
160.80 
46.90 
0.67 
0.67 
71.02 
73.03 
19.43 
29.48 
56.95 
113.90 
119.26 
266.66 
48.24 
6.03 
34.84 
4.02 
107.20 
8.04 
25.46 
1.34 
0.67 
98.49 
4.69 
159.46 
6.03 
29.48 
4.69 
2.01 
26.13 
18.09 
244.55 
46.90 
44.89 
2.01 
0.67 
308.20 
2.01 
3.35 
98.49 
1.34 
15.41 
121.94 
24.12 
125.96 
26.13 
4.02 
103.85 
92.46 
12.06 
69.68 
19.43 
2.01 
122.61 
4.02 
2.01 
0.67 
28.81 
1.34 
395.97 
153.43 
0.67 
59.63 
45.56 
23.45 
95.81 
54.94 
27.47 
10.05 
1.34 
3.35 
7.37 
20.10 
10.72 
3.35 
4.69 
10.72 
110.55 
12.06 
52.26 
29.48 
40.87 
48.24 
106.53 
53.60 
40.20 
10.05 
7.37 
62.98 
26.13 
73.03 
23.45 
73.03 
18.09 
18.09 
57.62 
58.96 
4.69 
6.70 
84.42 
20.77 
17.42 
195.64 
0.67 
99.83 
83.75 
0.67 
20.10 
83.08 
0.67 
54.94 
2.01 
73.03 
24.79 
241.20 
44.22 
2.68 
7.37 
0.67 
188.27 
4.02 
8.04 
46.23 
168.84 
8.71 
37.52 
237.85 
4.02 
7.37 
66.33 
7.37 
49.58 
28.81 
19.43 
65.66 
2.01 
262.64 
19.43 
0.67 
19.43 
26.80 
20.77 
79.06 
58.96 
368.50 
73.70 
34.17 
52.93 
71.02 
12.06 
4.02 
0.67 
11.39 
2.01 
3.35 
64.32 
128.64 
129.98 
21.44 
24.79 
66.33 
99.16 
36.18 
1.34 
2.68 
138.69 
0.67 
6.70 
44.22 
205.02 
0.67 
0.67 
62.31 
9.38 
2.01 
19.43 
2.01 
0.67 
34.17 
32.83 
3.35 
70.35 
8.71 
24.12 
8.71 
93.80 
43.55 
3.35 
6.03 
1.34 
96.48 
15.41 
82.41 
155.44 
11.39 
25.46 
95.14 
52.26 
32.83 
46.90 
19.43 
1.34 
36.85 
97.15 
13.40 
14.07 
17.42 
90.45 
67.00 
21.44 
74.37 
185.59 
11.39 
114.57 
12.06 
1.34 
10.05 
13.40 
17.42 
67.00 
6.70 
12.73 
72.36 
9.38 
0.67 
86.43 
10.05 
54.94 
10.72 
0.67 
18.09 
91.79 
1.34 
0.67 
97.82 
15.41 
12.73 
2.01 
151.42 
101.84 
6.70 
106.53 
28.14 
6.70 
97.15 
77.72 
17.42 
17.42 
20.77 
1.34 
62.98 
1.34 
1.34 
10.05 
195.64 
70.35 
25.46 
13.40 
96.48 
115.24 
2.68 
0.67 
10.05 
27.47 
4.02 
0.67 
0.67 
24.79 
170.85 
68.34 
48.91 
0.67 
20.77 
43.55 
182.91 
2.68 
2.68 
1.34 
0.67 
156.78 
0.67 
21.44 
32.16 
7.37 
13.40 
1.34 
115.24 
22.78 
131.99 
17.42 
28.14 
29.48 
121.94 
56.95 
10.72 
16.08 
12.73 
170.18 
6.03 
28.81 
62.98 
148.74 
1.34 
45.56 
42.88 
46.23 
14.74 
132.66 
6.03 
137.35 
112.56 
12.73 
56.28 
43.55 
5.36 
0.67 
0.67 
4.02 
2.68 
8.71 
31.49 
3.35 
20.77 
265.99 
0.67 
1.34 
61.64 
76.38 
60.30 
73.03 
135.34 
144.72 
20.10 
2.68 
117.25 
97.82 
2.01 
0.67 
11.39 
18.76 
55.61 
35.51 
53.60 
109.21 
69.01 
4.69 
187.60 
6.70 
18.76 
5.36 
30.15 
9.38 
8.04 
11.39 
50.25 
231.15 
14.74 
71.69 
110.55 
82.41 
50.92 
54.27 
39.53 
130.65 
153.43 
32.16 
183.58 
54.27 
14.07 
16.08 
29.48 
46.90 
1.34 
20.10 
6.03 
0.67 
180.23 
38.19 
19.43 
20.10 
346.39 
2.01 
24.79 
40.20 
3.35 
8.71 
28.14 
1.34 
16.08 
6.70 
132.66 
22.78 
28.81 
33.50 
24.12 
0.67 
6.03 
44.22 
16.75 
25.46 
93.80 
127.30 
42.88 
56.95 
124.62 
12.73 
22.11 
113.23 
26.13 
6.70 
69.01 
11.39 
27.47 
36.18 
14.07 
2.68 
31.49 
60.97 
153.43 
99.16 
83.08 
117.92 
15.41 
42.88 
28.81 
1.34 
6.70 
55.61 
152.09 
19.43 
52.26 
92.46 
1.34 
10.05 
12.06 
156.11 
11.39 
78.39 
12.06 
4.69 
21.44 
70.35 
56.28 
0.67 
38.86 
47.57 
9.38 
14.74 
27.47 
89.78 
23.45 
6.70 
10.05 
8.71 
88.44 
102.51 
2.01 
5.36 
8.71 
44.22 
2.01 
17.42 
312.89 
38.19 
38.19 
2.01 
0.67 
152.76 
4.02 
75.04 
44.22 
85.76 
8.04 
75.04 
2.68 
83.75 
182.91 
83.08 
32.83 
6.70 
28.14 
48.91 
64.32 
7.37 
9.38 
Average Area: 46.13