Diameters from Day0
0.37 
0.76 
0.62 
0.25 
1.06 
1.16 
0.20 
0.42 
0.79 
1.09 
1.32 
1.88 
0.60 
0.84 
1.17 
0.59 
0.47 
0.81 
0.11 
0.25 
0.59 
0.34 
0.80 
0.75 
0.25 
0.16 
0.92 
0.48 
0.65 
0.88 
0.72 
0.23 
0.20 
0.16 
0.93 
1.07 
0.28 
0.55 
0.90 
0.44 
0.70 
0.84 
1.26 
1.20 
0.45 
0.94 
1.07 
1.02 
0.68 
0.41 
0.32 
0.76 
0.72 
0.62 
0.25 
0.23 
0.59 
1.12 
0.42 
0.45 
0.36 
0.50 
0.67 
0.62 
0.37 
0.52 
1.21 
1.43 
0.47 
1.03 
0.58 
0.32 
0.37 
0.39 
1.63 
0.28 
0.91 
0.77 
0.80 
0.39 
0.58 
0.20 
0.28 
1.29 
0.36 
0.36 
0.49 
0.25 
0.82 
0.42 
0.44 
1.35 
0.16 
0.11 
1.80 
0.16 
1.38 
0.48 
0.39 
0.36 
1.74 
0.37 
1.09 
0.42 
1.39 
0.11 
1.12 
0.11 
0.16 
1.63 
0.41 
0.20 
0.45 
0.20 
0.92 
1.88 
0.42 
0.16 
0.42 
1.11 
1.27 
1.20 
1.26 
0.73 
0.88 
0.23 
0.28 
0.99 
0.45 
0.63 
1.23 
0.62 
1.55 
0.94 
1.56 
1.28 
1.11 
2.08 
0.68 
2.35 
0.32 
0.11 
0.16 
1.66 
0.69 
0.25 
0.82 
0.34 
0.37 
0.28 
0.77 
0.28 
0.36 
0.30 
0.78 
0.25 
1.05 
0.37 
0.88 
1.12 
0.84 
0.53 
0.76 
1.49 
0.11 
0.68 
0.64 
0.11 
0.73 
0.42 
0.64 
0.66 
0.94 
0.25 
1.05 
0.48 
0.50 
0.66 
0.76 
1.15 
0.32 
0.87 
0.44 
1.13 
0.59 
0.54 
0.86 
0.93 
0.79 
1.02 
0.84 
0.50 
0.76 
0.11 
0.96 
0.34 
0.53 
0.34 
0.71 
0.11 
0.37 
1.10 
0.11 
0.66 
0.79 
1.36 
0.79 
0.65 
1.81 
0.73 
0.96 
0.50 
0.30 
0.47 
1.06 
0.25 
0.64 
0.50 
1.12 
0.61 
0.89 
0.68 
1.68 
3.04 
0.48 
1.55 
0.52 
0.39 
0.70 
0.48 
0.74 
0.67 
0.84 
0.16 
0.81 
0.34 
1.08 
1.20 
0.34 
1.35 
0.49 
0.78 
0.95 
0.68 
0.50 
0.30 
0.59 
1.06 
1.32 
0.53 
0.37 
0.11 
1.24 
0.36 
0.16 
0.32 
0.78 
1.02 
1.49 
0.91 
0.41 
1.11 
3.03 
1.82 
0.88 
0.23 
1.56 
0.48 
1.03 
0.76 
0.68 
0.16 
1.58 
0.60 
0.68 
0.90 
0.61 
0.25 
0.25 
0.49 
0.78 
0.56 
0.44 
0.50 
1.47 
0.30 
0.25 
2.19 
1.20 
0.45 
0.67 
1.16 
0.61 
1.58 
1.25 
1.58 
2.46 
0.54 
0.23 
0.37 
0.28 
0.44 
0.86 
0.47 
0.36 
1.32 
0.92 
1.67 
0.11 
0.42 
1.03 
1.22 
1.46 
1.75 
1.17 
1.67 
1.10 
2.21 
0.78 
0.11 
0.80 
0.28 
0.28 
0.70 
1.06 
1.08 
1.05 
1.01 
0.77 
0.61 
1.11 
0.34 
0.54 
1.07 
0.16 
0.42 
1.46 
0.37 
1.69 
1.49 
0.48 
0.55 
0.20 
0.20 
0.84 
1.13 
1.29 
1.25 
0.94 
0.87 
0.28 
0.16 
0.41 
1.01 
2.17 
1.06 
1.09 
0.41 
0.30 
0.11 
0.16 
0.11 
0.72 
0.54 
1.03 
0.20 
0.58 
1.15 
0.96 
0.87 
0.98 
1.29 
0.52 
1.79 
1.04 
1.06 
0.11 
0.68 
1.78 
0.49 
0.28 
1.12 
1.75 
0.94 
0.11 
0.11 
1.16 
1.18 
0.61 
0.75 
1.04 
1.47 
1.51 
2.25 
0.96 
0.34 
0.81 
0.28 
1.43 
0.39 
0.70 
0.16 
0.11 
1.37 
0.30 
1.74 
0.34 
0.75 
0.30 
0.20 
0.70 
0.59 
2.16 
0.94 
0.92 
0.20 
0.11 
2.42 
0.20 
0.25 
1.37 
0.16 
0.54 
1.52 
0.68 
1.55 
0.70 
0.28 
1.40 
1.33 
0.48 
1.15 
0.61 
0.20 
1.53 
0.28 
0.20 
0.11 
0.74 
0.16 
2.74 
1.71 
0.11 
1.06 
0.93 
0.67 
1.35 
1.02 
0.72 
0.44 
0.16 
0.25 
0.37 
0.62 
0.45 
0.25 
0.30 
0.45 
1.45 
0.48 
1.00 
0.75 
0.88 
0.96 
1.42 
1.01 
0.87 
0.44 
0.37 
1.09 
0.70 
1.18 
0.67 
1.18 
0.59 
0.59 
1.05 
1.06 
0.30 
0.36 
1.27 
0.63 
0.58 
1.93 
0.11 
1.38 
1.26 
0.11 
0.62 
1.26 
0.11 
1.02 
0.20 
1.18 
0.69 
2.14 
0.92 
0.23 
0.37 
0.11 
1.89 
0.28 
0.39 
0.94 
1.79 
0.41 
0.84 
2.13 
0.28 
0.37 
1.12 
0.37 
0.97 
0.74 
0.61 
1.12 
0.20 
2.23 
0.61 
0.11 
0.61 
0.71 
0.63 
1.23 
1.06 
2.65 
1.18 
0.81 
1.00 
1.16 
0.48 
0.28 
0.11 
0.47 
0.20 
0.25 
1.11 
1.56 
1.57 
0.64 
0.69 
1.12 
1.37 
0.83 
0.16 
0.23 
1.62 
0.11 
0.36 
0.92 
1.97 
0.11 
0.11 
1.09 
0.42 
0.20 
0.61 
0.20 
0.11 
0.81 
0.79 
0.25 
1.16 
0.41 
0.68 
0.41 
1.34 
0.91 
0.25 
0.34 
0.16 
1.35 
0.54 
1.25 
1.72 
0.47 
0.70 
1.34 
1.00 
0.79 
0.94 
0.61 
0.16 
0.84 
1.36 
0.50 
0.52 
0.58 
1.31 
1.13 
0.64 
1.19 
1.88 
0.47 
1.48 
0.48 
0.16 
0.44 
0.50 
0.58 
1.13 
0.36 
0.49 
1.17 
0.42 
0.11 
1.28 
0.44 
1.02 
0.45 
0.11 
0.59 
1.32 
0.16 
0.11 
1.36 
0.54 
0.49 
0.20 
1.70 
1.39 
0.36 
1.42 
0.73 
0.36 
1.36 
1.22 
0.58 
0.58 
0.63 
0.16 
1.09 
0.16 
0.16 
0.44 
1.93 
1.16 
0.70 
0.50 
1.35 
1.48 
0.23 
0.11 
0.44 
0.72 
0.28 
0.11 
0.11 
0.69 
1.80 
1.14 
0.96 
0.11 
0.63 
0.91 
1.86 
0.23 
0.23 
0.16 
0.11 
1.73 
0.11 
0.64 
0.78 
0.37 
0.50 
0.16 
1.48 
0.66 
1.58 
0.58 
0.73 
0.75 
1.52 
1.04 
0.45 
0.55 
0.49 
1.80 
0.34 
0.74 
1.09 
1.68 
0.16 
0.93 
0.90 
0.94 
0.53 
1.59 
0.34 
1.62 
1.46 
0.49 
1.03 
0.91 
0.32 
0.11 
0.11 
0.28 
0.23 
0.41 
0.77 
0.25 
0.63 
2.25 
0.11 
0.16 
1.08 
1.20 
1.07 
1.18 
1.60 
1.66 
0.62 
0.23 
1.49 
1.36 
0.20 
0.11 
0.47 
0.60 
1.03 
0.82 
1.01 
1.44 
1.15 
0.30 
1.89 
0.36 
0.60 
0.32 
0.76 
0.42 
0.39 
0.47 
0.98 
2.10 
0.53 
1.17 
1.45 
1.25 
0.98 
1.02 
0.87 
1.58 
1.71 
0.78 
1.87 
1.02 
0.52 
0.55 
0.75 
0.94 
0.16 
0.62 
0.34 
0.11 
1.85 
0.85 
0.61 
0.62 
2.57 
0.20 
0.69 
0.87 
0.25 
0.41 
0.73 
0.16 
0.55 
0.36 
1.59 
0.66 
0.74 
0.80 
0.68 
0.11 
0.34 
0.92 
0.56 
0.70 
1.34 
1.56 
0.90 
1.04 
1.54 
0.49 
0.65 
1.47 
0.70 
0.36 
1.15 
0.47 
0.72 
0.83 
0.52 
0.23 
0.77 
1.08 
1.71 
1.37 
1.26 
1.50 
0.54 
0.90 
0.74 
0.16 
0.36 
1.03 
1.70 
0.61 
1.00 
1.33 
0.16 
0.44 
0.48 
1.72 
0.47 
1.22 
0.48 
0.30 
0.64 
1.16 
1.03 
0.11 
0.86 
0.95 
0.42 
0.53 
0.72 
1.31 
0.67 
0.36 
0.44 
0.41 
1.30 
1.40 
0.20 
0.32 
0.41 
0.92 
0.20 
0.58 
2.44 
0.85 
0.85 
0.20 
0.11 
1.70 
0.28 
1.19 
0.92 
1.28 
0.39 
1.19 
0.23 
1.26 
1.86 
1.26 
0.79 
0.36 
0.73 
0.96 
1.11 
0.37 
0.42 
Average Diameter: 0.78