Areas from Day16
251.30 
26.00 
2.50 
17.20 
292.70 
8.10 
6.10 
1.30 
1.20 
1.20 
1.20 
30.60 
2.90 
135.90 
51.80 
3.00 
5.30 
44.70 
4.60 
0.80 
3.60 
1.40 
2.40 
4.30 
32.60 
25.80 
12.20 
28.50 
1.50 
0.80 
10.80 
6.40 
40.00 
0.10 
2.10 
72.30 
125.30 
9.10 
6.80 
15.10 
23.50 
0.40 
245.80 
2.40 
5.50 
13.40 
5.90 
5.70 
32.00 
5.60 
0.60 
26.00 
7.00 
1.60 
89.10 
6.00 
16.60 
6.90 
12.70 
14.80 
0.60 
0.90 
19.30 
15.40 
6.90 
31.30 
2.30 
3.80 
4.60 
24.20 
2.20 
76.10 
0.90 
15.10 
13.90 
4.00 
4.20 
11.20 
41.60 
0.50 
1.30 
4.50 
2.20 
2.00 
19.60 
19.50 
2.00 
2.20 
10.80 
2.70 
8.30 
1.00 
1.10 
18.00 
19.90 
5.40 
3.30 
1.80 
20.40 
4.60 
15.40 
7.00 
3.20 
64.00 
5.90 
19.50 
106.30 
6.50 
4.10 
6.00 
2.90 
4.70 
0.40 
17.30 
52.00 
0.90 
13.50 
2.40 
18.80 
4.70 
31.60 
11.80 
0.30 
4.70 
2.80 
6.60 
3.00 
8.70 
4.00 
16.10 
4.40 
43.00 
5.50 
28.50 
2.90 
7.50 
1.00 
45.20 
129.90 
6.50 
8.30 
6.00 
1.40 
33.60 
6.80 
113.50 
6.50 
68.00 
10.70 
10.90 
2.50 
93.00 
4.80 
1.60 
1.50 
8.80 
0.80 
5.00 
4.40 
47.00 
227.30 
2.40 
2.40 
0.40 
5.50 
40.90 
4.40 
0.60 
23.10 
3.10 
13.00 
5.60 
0.20 
10.70 
55.00 
0.30 
53.40 
22.50 
1.80 
20.30 
12.00 
10.50 
1.20 
13.00 
1.80 
3.40 
16.80 
2.40 
1.10 
4.50 
4.60 
53.00 
2.40 
0.60 
1.00 
19.70 
0.40 
0.70 
4.80 
5.60 
6.60 
23.80 
1.90 
0.40 
223.50 
2.00 
9.50 
9.30 
12.50 
0.40 
38.70 
37.40 
30.90 
3.40 
169.60 
0.20 
0.20 
13.10 
10.10 
12.60 
0.90 
7.00 
344.70 
10.30 
45.60 
2.20 
2.70 
5.30 
1.70 
6.10 
22.80 
12.90 
7.30 
6.80 
1.20 
5.40 
1.20 
7.20 
3.60 
0.20 
7.00 
3.10 
1.70 
28.80 
1.40 
2.60 
3.00 
13.50 
3.90 
4.40 
7.70 
15.50 
41.40 
3.30 
7.40 
8.10 
0.80 
28.10 
0.40 
18.90 
35.40 
46.70 
3.10 
1.30 
2.60 
39.30 
5.80 
35.10 
162.70 
0.60 
3.10 
2.00 
12.50 
1.30 
6.80 
79.30 
50.00 
4.50 
1.50 
89.40 
41.30 
4.40 
0.90 
1.10 
17.50 
0.30 
4.60 
4.50 
70.80 
189.30 
3.10 
1.50 
4.10 
3.10 
2.90 
81.20 
9.60 
3.40 
3.00 
6.40 
2.70 
3.00 
0.30 
2.00 
2.50 
39.00 
4.00 
7.00 
50.50 
5.90 
1.20 
3.80 
24.80 
6.80 
0.40 
4.10 
23.60 
19.90 
1.10 
21.20 
0.90 
5.10 
9.70 
15.80 
1.60 
5.50 
4.10 
1.90 
6.80 
26.00 
2.10 
9.30 
219.40 
6.00 
8.10 
12.40 
12.90 
319.00 
5.90 
3.30 
2.30 
1.40 
5.50 
41.10 
5.20 
4.20 
8.50 
5.60 
94.30 
0.90 
13.50 
11.60 
19.60 
4.00 
1.50 
77.80 
3.10 
1.80 
2.40 
0.80 
2.30 
0.40 
3.60 
6.30 
17.80 
7.30 
1.70 
8.10 
29.30 
3.40 
5.40 
46.40 
1.40 
2.60 
60.20 
4.50 
8.50 
6.40 
0.30 
283.80 
2.80 
61.70 
5.50 
5.50 
0.10 
12.30 
1.70 
12.90 
14.80 
2.60 
17.50 
2.80 
4.70 
8.40 
0.60 
0.50 
1.90 
3.20 
4.50 
34.90 
4.50 
4.30 
8.80 
1.20 
23.90 
4.20 
0.90 
0.90 
2.00 
2.80 
15.80 
32.70 
14.30 
0.70 
3.40 
10.30 
35.20 
1.90 
8.40 
48.60 
5.50 
2.30 
18.70 
0.80 
81.80 
169.30 
1.60 
0.80 
20.50 
4.90 
25.20 
1.70 
0.90 
25.70 
4.80 
1.40 
1.60 
4.80 
2.10 
14.30 
0.50 
7.10 
9.80 
0.40 
3.20 
2.00 
1.50 
2.80 
0.20 
1.60 
23.20 
2.00 
15.40 
0.40 
81.90 
0.40 
137.60 
7.60 
4.30 
0.40 
4.60 
10.40 
5.80 
70.10 
38.60 
1.30 
4.30 
10.60 
3.80 
13.40 
7.50 
2.30 
8.10 
13.40 
1.00 
12.20 
10.10 
9.70 
1.60 
13.40 
1.10 
7.10 
16.50 
88.50 
10.90 
5.60 
12.50 
6.90 
12.00 
6.50 
19.90 
3.20 
5.60 
1.80 
1.20 
2.20 
21.20 
89.10 
4.80 
5.90 
177.10 
0.40 
2.30 
4.80 
4.30 
1.20 
0.10 
22.60 
0.40 
2.10 
Average Area: 19.58