Day16.txt Measurements
1683.71 
174.20 
16.75 
115.24 
1961.09 
54.27 
40.87 
8.71 
8.04 
8.04 
8.04 
205.02 
19.43 
910.53 
347.06 
20.10 
35.51 
299.49 
30.82 
5.36 
24.12 
9.38 
16.08 
28.81 
218.42 
172.86 
81.74 
190.95 
10.05 
5.36 
72.36 
42.88 
268.00 
0.67 
14.07 
484.41 
839.51 
60.97 
45.56 
101.17 
157.45 
2.68 
1646.86 
16.08 
36.85 
89.78 
39.53 
38.19 
214.40 
37.52 
4.02 
174.20 
46.90 
10.72 
596.97 
40.20 
111.22 
46.23 
85.09 
99.16 
4.02 
6.03 
129.31 
103.18 
46.23 
209.71 
15.41 
25.46 
30.82 
162.14 
14.74 
509.87 
6.03 
101.17 
93.13 
26.80 
28.14 
75.04 
278.72 
3.35 
8.71 
30.15 
14.74 
13.40 
131.32 
130.65 
13.40 
14.74 
72.36 
18.09 
55.61 
6.70 
7.37 
120.60 
133.33 
36.18 
22.11 
12.06 
136.68 
30.82 
103.18 
46.90 
21.44 
428.80 
39.53 
130.65 
712.21 
43.55 
27.47 
40.20 
19.43 
31.49 
2.68 
115.91 
348.40 
6.03 
90.45 
16.08 
125.96 
31.49 
211.72 
79.06 
2.01 
31.49 
18.76 
44.22 
20.10 
58.29 
26.80 
107.87 
29.48 
288.10 
36.85 
190.95 
19.43 
50.25 
6.70 
302.84 
870.33 
43.55 
55.61 
40.20 
9.38 
225.12 
45.56 
760.45 
43.55 
455.60 
71.69 
73.03 
16.75 
623.10 
32.16 
10.72 
10.05 
58.96 
5.36 
33.50 
29.48 
314.90 
1522.91 
16.08 
16.08 
2.68 
36.85 
274.03 
29.48 
4.02 
154.77 
20.77 
87.10 
37.52 
1.34 
71.69 
368.50 
2.01 
357.78 
150.75 
12.06 
136.01 
80.40 
70.35 
8.04 
87.10 
12.06 
22.78 
112.56 
16.08 
7.37 
30.15 
30.82 
355.10 
16.08 
4.02 
6.70 
131.99 
2.68 
4.69 
32.16 
37.52 
44.22 
159.46 
12.73 
2.68 
1497.45 
13.40 
63.65 
62.31 
83.75 
2.68 
259.29 
250.58 
207.03 
22.78 
1136.32 
1.34 
1.34 
87.77 
67.67 
84.42 
6.03 
46.90 
2309.49 
69.01 
305.52 
14.74 
18.09 
35.51 
11.39 
40.87 
152.76 
86.43 
48.91 
45.56 
8.04 
36.18 
8.04 
48.24 
24.12 
1.34 
46.90 
20.77 
11.39 
192.96 
9.38 
17.42 
20.10 
90.45 
26.13 
29.48 
51.59 
103.85 
277.38 
22.11 
49.58 
54.27 
5.36 
188.27 
2.68 
126.63 
237.18 
312.89 
20.77 
8.71 
17.42 
263.31 
38.86 
235.17 
1090.09 
4.02 
20.77 
13.40 
83.75 
8.71 
45.56 
531.31 
335.00 
30.15 
10.05 
598.98 
276.71 
29.48 
6.03 
7.37 
117.25 
2.01 
30.82 
30.15 
474.36 
1268.31 
20.77 
10.05 
27.47 
20.77 
19.43 
544.04 
64.32 
22.78 
20.10 
42.88 
18.09 
20.10 
2.01 
13.40 
16.75 
261.30 
26.80 
46.90 
338.35 
39.53 
8.04 
25.46 
166.16 
45.56 
2.68 
27.47 
158.12 
133.33 
7.37 
142.04 
6.03 
34.17 
64.99 
105.86 
10.72 
36.85 
27.47 
12.73 
45.56 
174.20 
14.07 
62.31 
1469.98 
40.20 
54.27 
83.08 
86.43 
2137.30 
39.53 
22.11 
15.41 
9.38 
36.85 
275.37 
34.84 
28.14 
56.95 
37.52 
631.81 
6.03 
90.45 
77.72 
131.32 
26.80 
10.05 
521.26 
20.77 
12.06 
16.08 
5.36 
15.41 
2.68 
24.12 
42.21 
119.26 
48.91 
11.39 
54.27 
196.31 
22.78 
36.18 
310.88 
9.38 
17.42 
403.34 
30.15 
56.95 
42.88 
2.01 
1901.46 
18.76 
413.39 
36.85 
36.85 
0.67 
82.41 
11.39 
86.43 
99.16 
17.42 
117.25 
18.76 
31.49 
56.28 
4.02 
3.35 
12.73 
21.44 
30.15 
233.83 
30.15 
28.81 
58.96 
8.04 
160.13 
28.14 
6.03 
6.03 
13.40 
18.76 
105.86 
219.09 
95.81 
4.69 
22.78 
69.01 
235.84 
12.73 
56.28 
325.62 
36.85 
15.41 
125.29 
5.36 
548.06 
1134.31 
10.72 
5.36 
137.35 
32.83 
168.84 
11.39 
6.03 
172.19 
32.16 
9.38 
10.72 
32.16 
14.07 
95.81 
3.35 
47.57 
65.66 
2.68 
21.44 
13.40 
10.05 
18.76 
1.34 
10.72 
155.44 
13.40 
103.18 
2.68 
548.73 
2.68 
921.92 
50.92 
28.81 
2.68 
30.82 
69.68 
38.86 
469.67 
258.62 
8.71 
28.81 
71.02 
25.46 
89.78 
50.25 
15.41 
54.27 
89.78 
6.70 
81.74 
67.67 
64.99 
10.72 
89.78 
7.37 
47.57 
110.55 
592.95 
73.03 
37.52 
83.75 
46.23 
80.40 
43.55 
133.33 
21.44 
37.52 
12.06 
8.04 
14.74 
142.04 
596.97 
32.16 
39.53 
1186.57 
2.68 
15.41 
32.16 
28.81 
8.04 
0.67 
151.42 
2.68 
14.07 
Average Area: 131.17