Diameters from Day16
5.66 
1.82 
0.56 
1.48 
6.10 
1.02 
0.88 
0.41 
0.39 
0.39 
0.39 
1.97 
0.61 
4.16 
2.57 
0.62 
0.82 
2.39 
0.77 
0.32 
0.68 
0.42 
0.55 
0.74 
2.04 
1.81 
1.25 
1.90 
0.44 
0.32 
1.17 
0.90 
2.26 
0.11 
0.52 
3.03 
3.99 
1.08 
0.93 
1.39 
1.73 
0.23 
5.59 
0.55 
0.84 
1.31 
0.87 
0.85 
2.02 
0.84 
0.28 
1.82 
0.94 
0.45 
3.37 
0.87 
1.45 
0.94 
1.27 
1.37 
0.28 
0.34 
1.57 
1.40 
0.94 
2.00 
0.54 
0.70 
0.77 
1.76 
0.53 
3.11 
0.34 
1.39 
1.33 
0.71 
0.73 
1.19 
2.30 
0.25 
0.41 
0.76 
0.53 
0.50 
1.58 
1.58 
0.50 
0.53 
1.17 
0.59 
1.03 
0.36 
0.37 
1.51 
1.59 
0.83 
0.65 
0.48 
1.61 
0.77 
1.40 
0.94 
0.64 
2.85 
0.87 
1.58 
3.68 
0.91 
0.72 
0.87 
0.61 
0.77 
0.23 
1.48 
2.57 
0.34 
1.31 
0.55 
1.55 
0.77 
2.01 
1.23 
0.20 
0.77 
0.60 
0.92 
0.62 
1.05 
0.71 
1.43 
0.75 
2.34 
0.84 
1.90 
0.61 
0.98 
0.36 
2.40 
4.07 
0.91 
1.03 
0.87 
0.42 
2.07 
0.93 
3.80 
0.91 
2.94 
1.17 
1.18 
0.56 
3.44 
0.78 
0.45 
0.44 
1.06 
0.32 
0.80 
0.75 
2.45 
5.38 
0.55 
0.55 
0.23 
0.84 
2.28 
0.75 
0.28 
1.71 
0.63 
1.29 
0.84 
0.16 
1.17 
2.65 
0.20 
2.61 
1.69 
0.48 
1.61 
1.24 
1.16 
0.39 
1.29 
0.48 
0.66 
1.46 
0.55 
0.37 
0.76 
0.77 
2.60 
0.55 
0.28 
0.36 
1.58 
0.23 
0.30 
0.78 
0.84 
0.92 
1.74 
0.49 
0.23 
5.33 
0.50 
1.10 
1.09 
1.26 
0.23 
2.22 
2.18 
1.98 
0.66 
4.65 
0.16 
0.16 
1.29 
1.13 
1.27 
0.34 
0.94 
6.62 
1.15 
2.41 
0.53 
0.59 
0.82 
0.47 
0.88 
1.70 
1.28 
0.96 
0.93 
0.39 
0.83 
0.39 
0.96 
0.68 
0.16 
0.94 
0.63 
0.47 
1.91 
0.42 
0.58 
0.62 
1.31 
0.70 
0.75 
0.99 
1.40 
2.30 
0.65 
0.97 
1.02 
0.32 
1.89 
0.23 
1.55 
2.12 
2.44 
0.63 
0.41 
0.58 
2.24 
0.86 
2.11 
4.55 
0.28 
0.63 
0.50 
1.26 
0.41 
0.93 
3.18 
2.52 
0.76 
0.44 
3.37 
2.29 
0.75 
0.34 
0.37 
1.49 
0.20 
0.77 
0.76 
3.00 
4.91 
0.63 
0.44 
0.72 
0.63 
0.61 
3.22 
1.11 
0.66 
0.62 
0.90 
0.59 
0.62 
0.20 
0.50 
0.56 
2.23 
0.71 
0.94 
2.54 
0.87 
0.39 
0.70 
1.78 
0.93 
0.23 
0.72 
1.73 
1.59 
0.37 
1.64 
0.34 
0.81 
1.11 
1.42 
0.45 
0.84 
0.72 
0.49 
0.93 
1.82 
0.52 
1.09 
5.29 
0.87 
1.02 
1.26 
1.28 
6.37 
0.87 
0.65 
0.54 
0.42 
0.84 
2.29 
0.81 
0.73 
1.04 
0.84 
3.47 
0.34 
1.31 
1.22 
1.58 
0.71 
0.44 
3.15 
0.63 
0.48 
0.55 
0.32 
0.54 
0.23 
0.68 
0.90 
1.51 
0.96 
0.47 
1.02 
1.93 
0.66 
0.83 
2.43 
0.42 
0.58 
2.77 
0.76 
1.04 
0.90 
0.20 
6.01 
0.60 
2.80 
0.84 
0.84 
0.11 
1.25 
0.47 
1.28 
1.37 
0.58 
1.49 
0.60 
0.77 
1.03 
0.28 
0.25 
0.49 
0.64 
0.76 
2.11 
0.76 
0.74 
1.06 
0.39 
1.74 
0.73 
0.34 
0.34 
0.50 
0.60 
1.42 
2.04 
1.35 
0.30 
0.66 
1.15 
2.12 
0.49 
1.03 
2.49 
0.84 
0.54 
1.54 
0.32 
3.23 
4.64 
0.45 
0.32 
1.62 
0.79 
1.79 
0.47 
0.34 
1.81 
0.78 
0.42 
0.45 
0.78 
0.52 
1.35 
0.25 
0.95 
1.12 
0.23 
0.64 
0.50 
0.44 
0.60 
0.16 
0.45 
1.72 
0.50 
1.40 
0.23 
3.23 
0.23 
4.19 
0.98 
0.74 
0.23 
0.77 
1.15 
0.86 
2.99 
2.22 
0.41 
0.74 
1.16 
0.70 
1.31 
0.98 
0.54 
1.02 
1.31 
0.36 
1.25 
1.13 
1.11 
0.45 
1.31 
0.37 
0.95 
1.45 
3.36 
1.18 
0.84 
1.26 
0.94 
1.24 
0.91 
1.59 
0.64 
0.84 
0.48 
0.39 
0.53 
1.64 
3.37 
0.78 
0.87 
4.75 
0.23 
0.54 
0.78 
0.74 
0.39 
0.11 
1.70 
0.23 
0.52 
Average Diameter: 1.18