Areas from Day8
10.40 
132.10 
10.90 
0.10 
3.30 
0.60 
2.90 
56.90 
49.80 
9.70 
152.90 
62.60 
1.60 
35.50 
32.50 
10.60 
18.20 
4.50 
2.10 
27.10 
2.00 
17.70 
5.00 
0.20 
0.10 
24.80 
10.00 
9.20 
3.20 
11.20 
46.80 
24.50 
3.10 
3.30 
17.80 
9.60 
0.90 
47.90 
1.30 
0.60 
15.00 
5.10 
0.70 
1.30 
22.20 
19.00 
54.40 
11.50 
342.70 
8.10 
38.10 
2.50 
1.40 
15.90 
1.10 
3.00 
2.40 
31.20 
15.40 
60.40 
24.80 
5.90 
5.20 
42.00 
0.40 
6.40 
4.40 
28.70 
276.60 
25.90 
48.80 
237.90 
0.20 
61.50 
118.10 
1.20 
3.30 
67.70 
4.10 
3.30 
1.60 
31.00 
82.90 
268.30 
2.20 
4.30 
8.00 
17.50 
33.10 
0.40 
0.30 
1.10 
9.40 
17.60 
3.30 
64.00 
0.10 
3.60 
0.80 
1.20 
45.30 
16.40 
4.10 
209.20 
36.50 
38.00 
84.60 
50.40 
1.20 
2.70 
63.80 
68.60 
4.80 
28.20 
3.50 
65.10 
26.00 
45.10 
58.30 
Average Area: 32.64