Day8.txt Measurements
69.68 
885.07 
73.03 
0.67 
22.11 
4.02 
19.43 
381.23 
333.66 
64.99 
1024.43 
419.42 
10.72 
237.85 
217.75 
71.02 
121.94 
30.15 
14.07 
181.57 
13.40 
118.59 
33.50 
1.34 
0.67 
166.16 
67.00 
61.64 
21.44 
75.04 
313.56 
164.15 
20.77 
22.11 
119.26 
64.32 
6.03 
320.93 
8.71 
4.02 
100.50 
34.17 
4.69 
8.71 
148.74 
127.30 
364.48 
77.05 
2296.09 
54.27 
255.27 
16.75 
9.38 
106.53 
7.37 
20.10 
16.08 
209.04 
103.18 
404.68 
166.16 
39.53 
34.84 
281.40 
2.68 
42.88 
29.48 
192.29 
1853.22 
173.53 
326.96 
1593.93 
1.34 
412.05 
791.27 
8.04 
22.11 
453.59 
27.47 
22.11 
10.72 
207.70 
555.43 
1797.61 
14.74 
28.81 
53.60 
117.25 
221.77 
2.68 
2.01 
7.37 
62.98 
117.92 
22.11 
428.80 
0.67 
24.12 
5.36 
8.04 
303.51 
109.88 
27.47 
1401.64 
244.55 
254.60 
566.82 
337.68 
8.04 
18.09 
427.46 
459.62 
32.16 
188.94 
23.45 
436.17 
174.20 
302.17 
390.61 
Average Area: 218.67