Day8.txt Measurements
1.15 
4.10 
1.18 
0.11 
0.65 
0.28 
0.61 
2.69 
2.52 
1.11 
4.41 
2.82 
0.45 
2.13 
2.03 
1.16 
1.52 
0.76 
0.52 
1.86 
0.50 
1.50 
0.80 
0.16 
0.11 
1.78 
1.13 
1.08 
0.64 
1.19 
2.44 
1.77 
0.63 
0.65 
1.51 
1.11 
0.34 
2.47 
0.41 
0.28 
1.38 
0.81 
0.30 
0.41 
1.68 
1.56 
2.63 
1.21 
6.61 
1.02 
2.20 
0.56 
0.42 
1.42 
0.37 
0.62 
0.55 
1.99 
1.40 
2.77 
1.78 
0.87 
0.81 
2.31 
0.23 
0.90 
0.75 
1.91 
5.93 
1.82 
2.49 
5.50 
0.16 
2.80 
3.88 
0.39 
0.65 
2.94 
0.72 
0.65 
0.45 
1.99 
3.25 
5.84 
0.53 
0.74 
1.01 
1.49 
2.05 
0.23 
0.20 
0.37 
1.09 
1.50 
0.65 
2.85 
0.11 
0.68 
0.32 
0.39 
2.40 
1.45 
0.72 
5.16 
2.16 
2.20 
3.28 
2.53 
0.39 
0.59 
2.85 
2.96 
0.78 
1.89 
0.67 
2.88 
1.82 
2.40 
2.72 
Average Area: 1.56