Areas from Day16
91.40 
77.50 
16.80 
2.50 
3.10 
1.50 
65.60 
5.50 
1.00 
4.00 
0.90 
0.30 
9.00 
1.20 
3.70 
1.10 
14.70 
5.10 
33.70 
0.70 
0.50 
22.20 
0.10 
9.40 
546.90 
0.10 
241.40 
1.20 
12.40 
3.40 
1.00 
19.40 
2.40 
6.30 
5.60 
3.50 
4.80 
2.90 
2.60 
5.00 
26.70 
7.90 
7.70 
5.60 
12.00 
9.90 
9.50 
0.70 
2.20 
31.20 
17.20 
4.00 
10.50 
23.50 
21.60 
136.40 
1.50 
61.30 
2.80 
4.20 
4.10 
5.00 
2.60 
2.30 
28.40 
7.70 
255.40 
4.00 
1.90 
3.90 
12.20 
1.90 
6.00 
0.40 
8.10 
5.80 
19.40 
20.60 
8.20 
22.20 
0.20 
1.10 
22.40 
6.20 
39.70 
10.90 
6.50 
9.90 
0.40 
504.00 
10.30 
0.30 
13.30 
22.50 
1.00 
22.30 
15.20 
1.20 
13.60 
2.20 
61.80 
5.50 
23.20 
1.50 
1.40 
9.20 
18.80 
0.70 
0.20 
2.30 
3.20 
0.10 
10.40 
0.20 
1.70 
25.20 
11.20 
12.70 
0.40 
0.10 
108.50 
11.20 
0.10 
6.10 
1.40 
10.90 
7.80 
8.90 
0.10 
3.10 
5.50 
2.30 
3.40 
1.40 
55.30 
80.60 
0.40 
11.10 
0.70 
7.90 
1.40 
4.80 
3.20 
5.30 
9.30 
6.40 
0.20 
3.30 
1.40 
7.40 
5.20 
4.30 
23.20 
4.70 
3.60 
9.00 
1.70 
3.80 
0.80 
0.20 
9.60 
67.80 
2.10 
19.80 
1.30 
1.40 
60.80 
1.40 
6.90 
3.00 
4.00 
8.80 
4.40 
2.00 
45.70 
1.00 
37.10 
80.40 
7.20 
1.60 
0.20 
0.50 
7.50 
8.70 
4.80 
3.20 
3.40 
0.60 
4418.20 
0.40 
2.30 
1.40 
3.30 
31.00 
678.70 
1.60 
1.60 
1.80 
3.20 
67.70 
11.00 
2.30 
3.50 
8.80 
3.50 
6.10 
17.40 
7.90 
1.60 
6.80 
4.30 
8.60 
334.20 
1.90 
10.50 
8.50 
1.40 
15.40 
1.70 
0.90 
57.50 
2.50 
3.00 
3.70 
4.90 
8.40 
8.80 
5.10 
2.70 
1.80 
1.80 
2.10 
46.50 
6.50 
1.10 
1.60 
2.60 
2.30 
56.50 
37.10 
8.30 
67.60 
3.10 
1.50 
3.80 
10.30 
7.80 
13.40 
21.00 
6.10 
50.40 
26.60 
0.60 
0.10 
4.50 
3.80 
2.00 
2.40 
1.20 
0.70 
7.00 
22.10 
19.00 
183.10 
1.20 
1.00 
8.90 
82.80 
48.00 
2.80 
9.80 
4.80 
1.10 
24.80 
1.40 
0.30 
4.80 
31.10 
117.30 
0.80 
12.50 
0.60 
4.80 
0.70 
4.20 
2.70 
5.90 
4.20 
0.60 
29.10 
0.40 
3.90 
4.90 
0.10 
27.40 
13.30 
8.50 
13.40 
2.00 
3.80 
0.10 
68.30 
1.10 
2.20 
18.90 
12.50 
272.30 
0.20 
0.20 
24.70 
61.00 
4.60 
7.50 
0.10 
4.20 
4.80 
0.10 
14.90 
16.90 
2.40 
37.60 
3.50 
0.60 
19.50 
79.10 
32.50 
13.40 
13.50 
8.30 
3.80 
7.50 
34.80 
7.00 
87.90 
0.70 
0.50 
24.10 
16.40 
5.60 
0.10 
7.20 
3.80 
14.00 
3.30 
304.80 
20.80 
4.10 
5.80 
9.30 
5.40 
0.70 
1.90 
1.10 
0.40 
5.90 
12.40 
13.50 
1.90 
1.40 
384.70 
7.00 
0.40 
16.40 
3.60 
1.00 
3.20 
115.40 
0.30 
0.30 
26.80 
12.70 
5.50 
0.90 
5.50 
4.60 
0.40 
3.40 
5.70 
3.60 
2.70 
1.50 
2.30 
41.30 
3.40 
0.20 
8.20 
1.70 
3.40 
0.50 
0.70 
9.00 
33.10 
1.40 
879.60 
9.00 
0.50 
5.60 
2.80 
3.80 
7.10 
0.10 
1.00 
6.10 
2.20 
11.40 
1.30 
4.30 
3.40 
1.30 
19.60 
15.90 
6.10 
19.90 
446.20 
16.00 
102.40 
4.10 
9.30 
6.90 
11.50 
0.60 
0.90 
7.20 
0.60 
45.20 
15.40 
0.40 
6.80 
4.80 
0.10 
1.30 
7.10 
0.20 
1.60 
45.40 
10.50 
74.60 
2.80 
66.00 
6.90 
0.30 
2.30 
232.70 
41.40 
6.90 
25.50 
19.80 
4.70 
60.50 
17.30 
2.80 
26.30 
7.10 
4.30 
50.80 
29.30 
1.80 
4.10 
4.70 
35.80 
4.50 
1146.20 
1.20 
0.60 
768.90 
3.80 
0.40 
0.50 
33.60 
3.00 
8.50 
0.30 
1.80 
9.30 
13.30 
3.20 
9.90 
16.10 
2.00 
8.70 
4.30 
28.00 
1.30 
9.40 
12.20 
102.40 
0.30 
6.20 
11.60 
1.90 
0.80 
6.60 
74.50 
1.70 
5.10 
1.40 
769.10 
1.00 
4.50 
7.20 
7.80 
18.30 
0.20 
5.60 
7.30 
2.20 
21.20 
4.60 
574.60 
3.70 
626.90 
5.80 
14.90 
5.80 
31.40 
107.60 
3.00 
15.60 
4.10 
0.70 
8.70 
23.60 
111.50 
18.50 
2.00 
13.20 
5.20 
18.00 
149.50 
230.10 
0.90 
1.50 
3.80 
51.30 
45.90 
0.60 
3.30 
5.00 
7.20 
58.20 
6.70 
2.80 
15.90 
4.80 
12.80 
3.10 
7.70 
Average Area: 37.50