Diameters from Day16
3.41 
3.14 
1.46 
0.56 
0.63 
0.44 
2.89 
0.84 
0.36 
0.71 
0.34 
0.20 
1.07 
0.39 
0.69 
0.37 
1.37 
0.81 
2.07 
0.30 
0.25 
1.68 
0.11 
1.09 
8.34 
0.11 
5.54 
0.39 
1.26 
0.66 
0.36 
1.57 
0.55 
0.90 
0.84 
0.67 
0.78 
0.61 
0.58 
0.80 
1.84 
1.00 
0.99 
0.84 
1.24 
1.12 
1.10 
0.30 
0.53 
1.99 
1.48 
0.71 
1.16 
1.73 
1.66 
4.17 
0.44 
2.79 
0.60 
0.73 
0.72 
0.80 
0.58 
0.54 
1.90 
0.99 
5.70 
0.71 
0.49 
0.70 
1.25 
0.49 
0.87 
0.23 
1.02 
0.86 
1.57 
1.62 
1.02 
1.68 
0.16 
0.37 
1.69 
0.89 
2.25 
1.18 
0.91 
1.12 
0.23 
8.01 
1.15 
0.20 
1.30 
1.69 
0.36 
1.69 
1.39 
0.39 
1.32 
0.53 
2.81 
0.84 
1.72 
0.44 
0.42 
1.08 
1.55 
0.30 
0.16 
0.54 
0.64 
0.11 
1.15 
0.16 
0.47 
1.79 
1.19 
1.27 
0.23 
0.11 
3.72 
1.19 
0.11 
0.88 
0.42 
1.18 
1.00 
1.06 
0.11 
0.63 
0.84 
0.54 
0.66 
0.42 
2.65 
3.20 
0.23 
1.19 
0.30 
1.00 
0.42 
0.78 
0.64 
0.82 
1.09 
0.90 
0.16 
0.65 
0.42 
0.97 
0.81 
0.74 
1.72 
0.77 
0.68 
1.07 
0.47 
0.70 
0.32 
0.16 
1.11 
2.94 
0.52 
1.59 
0.41 
0.42 
2.78 
0.42 
0.94 
0.62 
0.71 
1.06 
0.75 
0.50 
2.41 
0.36 
2.17 
3.20 
0.96 
0.45 
0.16 
0.25 
0.98 
1.05 
0.78 
0.64 
0.66 
0.28 
23.72 
0.23 
0.54 
0.42 
0.65 
1.99 
9.30 
0.45 
0.45 
0.48 
0.64 
2.94 
1.18 
0.54 
0.67 
1.06 
0.67 
0.88 
1.49 
1.00 
0.45 
0.93 
0.74 
1.05 
6.52 
0.49 
1.16 
1.04 
0.42 
1.40 
0.47 
0.34 
2.71 
0.56 
0.62 
0.69 
0.79 
1.03 
1.06 
0.81 
0.59 
0.48 
0.48 
0.52 
2.43 
0.91 
0.37 
0.45 
0.58 
0.54 
2.68 
2.17 
1.03 
2.93 
0.63 
0.44 
0.70 
1.15 
1.00 
1.31 
1.64 
0.88 
2.53 
1.84 
0.28 
0.11 
0.76 
0.70 
0.50 
0.55 
0.39 
0.30 
0.94 
1.68 
1.56 
4.83 
0.39 
0.36 
1.06 
3.25 
2.47 
0.60 
1.12 
0.78 
0.37 
1.78 
0.42 
0.20 
0.78 
1.99 
3.86 
0.32 
1.26 
0.28 
0.78 
0.30 
0.73 
0.59 
0.87 
0.73 
0.28 
1.92 
0.23 
0.70 
0.79 
0.11 
1.87 
1.30 
1.04 
1.31 
0.50 
0.70 
0.11 
2.95 
0.37 
0.53 
1.55 
1.26 
5.89 
0.16 
0.16 
1.77 
2.79 
0.77 
0.98 
0.11 
0.73 
0.78 
0.11 
1.38 
1.47 
0.55 
2.19 
0.67 
0.28 
1.58 
3.17 
2.03 
1.31 
1.31 
1.03 
0.70 
0.98 
2.10 
0.94 
3.35 
0.30 
0.25 
1.75 
1.45 
0.84 
0.11 
0.96 
0.70 
1.34 
0.65 
6.23 
1.63 
0.72 
0.86 
1.09 
0.83 
0.30 
0.49 
0.37 
0.23 
0.87 
1.26 
1.31 
0.49 
0.42 
7.00 
0.94 
0.23 
1.45 
0.68 
0.36 
0.64 
3.83 
0.20 
0.20 
1.85 
1.27 
0.84 
0.34 
0.84 
0.77 
0.23 
0.66 
0.85 
0.68 
0.59 
0.44 
0.54 
2.29 
0.66 
0.16 
1.02 
0.47 
0.66 
0.25 
0.30 
1.07 
2.05 
0.42 
10.58 
1.07 
0.25 
0.84 
0.60 
0.70 
0.95 
0.11 
0.36 
0.88 
0.53 
1.20 
0.41 
0.74 
0.66 
0.41 
1.58 
1.42 
0.88 
1.59 
7.54 
1.43 
3.61 
0.72 
1.09 
0.94 
1.21 
0.28 
0.34 
0.96 
0.28 
2.40 
1.40 
0.23 
0.93 
0.78 
0.11 
0.41 
0.95 
0.16 
0.45 
2.40 
1.16 
3.08 
0.60 
2.90 
0.94 
0.20 
0.54 
5.44 
2.30 
0.94 
1.80 
1.59 
0.77 
2.78 
1.48 
0.60 
1.83 
0.95 
0.74 
2.54 
1.93 
0.48 
0.72 
0.77 
2.13 
0.76 
12.08 
0.39 
0.28 
9.89 
0.70 
0.23 
0.25 
2.07 
0.62 
1.04 
0.20 
0.48 
1.09 
1.30 
0.64 
1.12 
1.43 
0.50 
1.05 
0.74 
1.89 
0.41 
1.09 
1.25 
3.61 
0.20 
0.89 
1.22 
0.49 
0.32 
0.92 
3.08 
0.47 
0.81 
0.42 
9.90 
0.36 
0.76 
0.96 
1.00 
1.53 
0.16 
0.84 
0.96 
0.53 
1.64 
0.77 
8.55 
0.69 
8.93 
0.86 
1.38 
0.86 
2.00 
3.70 
0.62 
1.41 
0.72 
0.30 
1.05 
1.73 
3.77 
1.53 
0.50 
1.30 
0.81 
1.51 
4.36 
5.41 
0.34 
0.44 
0.70 
2.56 
2.42 
0.28 
0.65 
0.80 
0.96 
2.72 
0.92 
0.60 
1.42 
0.78 
1.28 
0.63 
0.99 
Average Diameter: 1.28