Areas from Day4
0.80 
0.70 
5.50 
2.90 
8.60 
25.50 
21.60 
0.90 
26.60 
33.80 
1.10 
2.40 
8.70 
43.90 
5.50 
20.40 
44.10 
50.50 
0.90 
13.80 
2.50 
25.30 
15.40 
23.20 
0.10 
0.10 
3.40 
1.60 
1.40 
5.10 
10.20 
8.50 
9.80 
5.10 
1.90 
1.60 
2.80 
6.50 
0.50 
0.50 
1.10 
16.40 
6.30 
0.10 
0.30 
25.30 
36.90 
1.40 
7.30 
5.50 
3.10 
64.10 
18.50 
3.90 
39.00 
0.20 
1.20 
1.40 
7.90 
3.50 
9.60 
3.40 
4.60 
8.30 
32.30 
0.10 
20.80 
0.20 
18.20 
12.50 
0.20 
27.70 
2.30 
11.00 
46.80 
3.30 
6.80 
0.70 
17.30 
1.30 
63.80 
1.30 
30.40 
1.10 
9.90 
0.30 
6.30 
11.70 
5.50 
1.90 
1.10 
30.80 
8.90 
0.10 
5.90 
283.50 
1.60 
28.50 
3.30 
30.70 
0.20 
6.50 
0.10 
0.30 
0.40 
8.90 
2.70 
8.20 
26.80 
5.40 
5.60 
27.40 
4.50 
2.40 
6.90 
0.20 
6.10 
10.40 
12.50 
46.20 
5.00 
0.10 
29.80 
1.50 
0.70 
5.60 
3.30 
25.50 
0.60 
1.50 
68.30 
56.40 
26.50 
0.60 
48.40 
0.40 
9.50 
15.70 
1.90 
0.50 
20.90 
0.60 
12.80 
71.40 
6.40 
7.50 
3.30 
6.50 
54.00 
2.40 
2.40 
0.70 
6.10 
4.50 
3.70 
10.30 
0.30 
8.00 
2.20 
1.70 
2.40 
19.30 
0.10 
6.20 
2.10 
0.10 
9.40 
2.70 
10.20 
77.90 
90.70 
14.40 
14.10 
1.40 
31.00 
28.30 
2.80 
26.20 
9.80 
2.40 
8.80 
4.70 
6.60 
4.60 
8.50 
11.70 
3.50 
34.20 
1.10 
12.40 
7.30 
9.10 
30.40 
10.70 
74.30 
85.60 
0.10 
17.90 
4.60 
13.60 
10.40 
3.60 
14.70 
4.70 
21.10 
41.70 
42.20 
16.10 
31.10 
106.60 
35.10 
55.90 
1.90 
41.40 
0.60 
0.30 
0.30 
40.40 
4.70 
23.10 
116.00 
1.50 
2.10 
4.90 
1.20 
11.00 
3.40 
28.10 
32.40 
1.30 
50.70 
2.10 
12.70 
14.70 
7.70 
6.10 
4.00 
2.00 
Average Area: 15.33