Day4.txt Measurements
5.36 
4.69 
36.85 
19.43 
57.62 
170.85 
144.72 
6.03 
178.22 
226.46 
7.37 
16.08 
58.29 
294.13 
36.85 
136.68 
295.47 
338.35 
6.03 
92.46 
16.75 
169.51 
103.18 
155.44 
0.67 
0.67 
22.78 
10.72 
9.38 
34.17 
68.34 
56.95 
65.66 
34.17 
12.73 
10.72 
18.76 
43.55 
3.35 
3.35 
7.37 
109.88 
42.21 
0.67 
2.01 
169.51 
247.23 
9.38 
48.91 
36.85 
20.77 
429.47 
123.95 
26.13 
261.30 
1.34 
8.04 
9.38 
52.93 
23.45 
64.32 
22.78 
30.82 
55.61 
216.41 
0.67 
139.36 
1.34 
121.94 
83.75 
1.34 
185.59 
15.41 
73.70 
313.56 
22.11 
45.56 
4.69 
115.91 
8.71 
427.46 
8.71 
203.68 
7.37 
66.33 
2.01 
42.21 
78.39 
36.85 
12.73 
7.37 
206.36 
59.63 
0.67 
39.53 
1899.45 
10.72 
190.95 
22.11 
205.69 
1.34 
43.55 
0.67 
2.01 
2.68 
59.63 
18.09 
54.94 
179.56 
36.18 
37.52 
183.58 
30.15 
16.08 
46.23 
1.34 
40.87 
69.68 
83.75 
309.54 
33.50 
0.67 
199.66 
10.05 
4.69 
37.52 
22.11 
170.85 
4.02 
10.05 
457.61 
377.88 
177.55 
4.02 
324.28 
2.68 
63.65 
105.19 
12.73 
3.35 
140.03 
4.02 
85.76 
478.38 
42.88 
50.25 
22.11 
43.55 
361.80 
16.08 
16.08 
4.69 
40.87 
30.15 
24.79 
69.01 
2.01 
53.60 
14.74 
11.39 
16.08 
129.31 
0.67 
41.54 
14.07 
0.67 
62.98 
18.09 
68.34 
521.93 
607.69 
96.48 
94.47 
9.38 
207.70 
189.61 
18.76 
175.54 
65.66 
16.08 
58.96 
31.49 
44.22 
30.82 
56.95 
78.39 
23.45 
229.14 
7.37 
83.08 
48.91 
60.97 
203.68 
71.69 
497.81 
573.52 
0.67 
119.93 
30.82 
91.12 
69.68 
24.12 
98.49 
31.49 
141.37 
279.39 
282.74 
107.87 
208.37 
714.22 
235.17 
374.53 
12.73 
277.38 
4.02 
2.01 
2.01 
270.68 
31.49 
154.77 
777.20 
10.05 
14.07 
32.83 
8.04 
73.70 
22.78 
188.27 
217.08 
8.71 
339.69 
14.07 
85.09 
98.49 
51.59 
40.87 
26.80 
13.40 
Average Area: 102.73