Diameters from Day4
0.32 
0.30 
0.84 
0.61 
1.05 
1.80 
1.66 
0.34 
1.84 
2.07 
0.37 
0.55 
1.05 
2.36 
0.84 
1.61 
2.37 
2.54 
0.34 
1.33 
0.56 
1.79 
1.40 
1.72 
0.11 
0.11 
0.66 
0.45 
0.42 
0.81 
1.14 
1.04 
1.12 
0.81 
0.49 
0.45 
0.60 
0.91 
0.25 
0.25 
0.37 
1.45 
0.90 
0.11 
0.20 
1.79 
2.17 
0.42 
0.96 
0.84 
0.63 
2.86 
1.53 
0.70 
2.23 
0.16 
0.39 
0.42 
1.00 
0.67 
1.11 
0.66 
0.77 
1.03 
2.03 
0.11 
1.63 
0.16 
1.52 
1.26 
0.16 
1.88 
0.54 
1.18 
2.44 
0.65 
0.93 
0.30 
1.48 
0.41 
2.85 
0.41 
1.97 
0.37 
1.12 
0.20 
0.90 
1.22 
0.84 
0.49 
0.37 
1.98 
1.06 
0.11 
0.87 
6.01 
0.45 
1.90 
0.65 
1.98 
0.16 
0.91 
0.11 
0.20 
0.23 
1.06 
0.59 
1.02 
1.85 
0.83 
0.84 
1.87 
0.76 
0.55 
0.94 
0.16 
0.88 
1.15 
1.26 
2.43 
0.80 
0.11 
1.95 
0.44 
0.30 
0.84 
0.65 
1.80 
0.28 
0.44 
2.95 
2.68 
1.84 
0.28 
2.48 
0.23 
1.10 
1.41 
0.49 
0.25 
1.63 
0.28 
1.28 
3.02 
0.90 
0.98 
0.65 
0.91 
2.62 
0.55 
0.55 
0.30 
0.88 
0.76 
0.69 
1.15 
0.20 
1.01 
0.53 
0.47 
0.55 
1.57 
0.11 
0.89 
0.52 
0.11 
1.09 
0.59 
1.14 
3.15 
3.40 
1.35 
1.34 
0.42 
1.99 
1.90 
0.60 
1.83 
1.12 
0.55 
1.06 
0.77 
0.92 
0.77 
1.04 
1.22 
0.67 
2.09 
0.37 
1.26 
0.96 
1.08 
1.97 
1.17 
3.08 
3.30 
0.11 
1.51 
0.77 
1.32 
1.15 
0.68 
1.37 
0.77 
1.64 
2.30 
2.32 
1.43 
1.99 
3.68 
2.11 
2.67 
0.49 
2.30 
0.28 
0.20 
0.20 
2.27 
0.77 
1.71 
3.84 
0.44 
0.52 
0.79 
0.39 
1.18 
0.66 
1.89 
2.03 
0.41 
2.54 
0.52 
1.27 
1.37 
0.99 
0.88 
0.71 
0.50 
Average Diameter: 1.11